sunid	term	fdr	score
46463	HP:0000951	2.864e-05	8.77
46463	HP:0000952	0.0002363	6.41
46463	HP:0000961	2.864e-05	8.77
46463	HP:0001005	2.864e-05	8.77
46463	HP:0001392	0.0001516	6.41
46463	HP:0001396	0.0002363	6.41
46463	HP:0001438	3.965e-06	9.82
46463	HP:0001574	2.864e-05	8.77
46463	HP:0001743	3.965e-06	9.82
46463	HP:0001744	0.000695	4.7
46463	HP:0001871	1.238e-09	21.12
46463	HP:0001877	1.238e-09	21.12
46463	HP:0001878	3.78e-07	15.79
46463	HP:0001903	7.678e-09	17.52
46463	HP:0001930	3.78e-07	15.79
46463	HP:0001935	7.678e-09	17.52
46463	HP:0001939	0	2.66
46463	HP:0001971	3.965e-06	9.82
46463	HP:0002012	3.965e-06	9.82
46463	HP:0002086	2.864e-05	8.77
46463	HP:0002715	3.965e-06	9.82
46463	HP:0002795	2.864e-05	8.77
46463	HP:0003271	0.000695	4.7
46463	HP:0004297	0.0001516	5.82
46463	HP:0010472	4.765e-07	11.36
46463	HP:0010972	4.878e-06	8.79
46463	HP:0011354	2.864e-05	8.77
46463	HP:0011895	3.78e-07	15.79
46463	HP:0011902	1.238e-09	21.12
46463	HP:0100763	3.965e-06	9.82
46566	HP:0000707	0	1.85
46580	HP:0000152	0	1.71
46580	HP:0000234	0	1.74
46580	HP:0000478	0	1.81
46580	HP:0000707	0	1.31
46580	HP:0000924	0	1.72
46580	HP:0000951	0	2.26
46580	HP:0001155	0	3.31
46580	HP:0001438	0	1.95
46580	HP:0001574	0	1.97
46580	HP:0002086	0	2.75
46580	HP:0002088	0	3.21
46580	HP:0002813	0	2.6
46580	HP:0002817	0	3.23
46580	HP:0011121	0	3.52
46580	HP:0011354	0	2.61
46580	HP:0011842	0	1.78
46580	HP:0011844	0	2.58
46580	HP:0012252	0	2.97
46690	HP:0000478	0.0001966	6.23
46690	HP:0000587	0.0001966	6.23
46690	HP:0000609	0.0001966	6.23
46690	HP:0000707	0.0001966	6.23
46690	HP:0001098	0.0001966	6.23
46690	HP:0002011	0.0001966	6.23
46690	HP:0002977	0.0001966	6.23
46690	HP:0004329	0.0001966	6.23
46690	HP:0008056	0.0004636	4.25
46690	HP:0008057	0.0001966	6.23
46690	HP:0008058	0.0006425	5.57
46690	HP:0012372	0.0001966	6.23
46690	HP:0012374	0.0001966	6.23
46690	HP:0012639	0.0001966	6.23
46775	HP:0000028	0.0009568	4.32
46775	HP:0000032	0.0009568	4.32
46775	HP:0000035	0.0009568	4.32
46775	HP:0000078	0.0009568	4.32
46775	HP:0000119	0.0009568	4.32
46775	HP:0000152	0.0003172	5.2
46775	HP:0000153	0.0003172	5.2
46775	HP:0000234	0.0003172	5.2
46775	HP:0000271	0.0003172	5.2
46775	HP:0000288	0.0003172	5.2
46775	HP:0000811	0.0009568	4.32
46775	HP:0000924	1.677e-06	11.01
46775	HP:0001155	1.677e-06	11.01
46775	HP:0001167	1.677e-06	11.01
46775	HP:0001367	0.0007394	4.51
46775	HP:0001574	0.0007275	4.53
46775	HP:0001595	0.0007275	4.53
46775	HP:0002813	1.677e-06	11.01
46775	HP:0002814	0.0002126	5.55
46775	HP:0002817	1.677e-06	11.01
46775	HP:0005918	1.677e-06	11.01
46775	HP:0005927	0.0002538	5.39
46775	HP:0006265	5.164e-05	6.85
46775	HP:0006493	0.0002126	5.55
46775	HP:0006496	0.0003843	5.05
46775	HP:0009115	1.677e-06	11.01
46775	HP:0009381	2.364e-05	7.67
46775	HP:0009767	5.646e-05	6.76
46775	HP:0009803	3.848e-05	7.15
46775	HP:0009810	0.0007394	4.51
46775	HP:0009815	1.677e-06	11.01
46775	HP:0009832	7.33e-06	9.02
46775	HP:0009835	1.677e-06	11.01
46775	HP:0009882	1.677e-06	11.01
46775	HP:0010461	0.0009568	4.32
46775	HP:0011138	0.0007275	4.53
46775	HP:0011297	1.677e-06	11.01
46775	HP:0011362	0.0007275	4.53
46775	HP:0011842	1.677e-06	11.01
46775	HP:0011844	1.677e-06	11.01
46775	HP:0011927	0.000455	4.9
46775	HP:0012243	0.0009568	4.32
46859	HP:0002664	0	3.71
46935	HP:0000707	0	1.31
46935	HP:0002011	0	2.18
46935	HP:0012638	0	1.49
46935	HP:0012639	0	1.93
46967	HP:0001324	0.0001709	6.25
46967	HP:0001939	0.0004723	5.43
46967	HP:0003011	0.0001709	6.25
46967	HP:0003560	0.0004477	5.62
46967	HP:0003701	0.0001709	6.25
46967	HP:0010876	0.0004723	5.43
46967	HP:0011021	0.0004723	5.43
46967	HP:0011804	0.0001709	6.25
46967	HP:0011805	0.0004477	5.62
47006	HP:0000707	0	1.31
47006	HP:0001249	0	3.36
47006	HP:0001251	0	5.36
47006	HP:0001252	0	3.33
47006	HP:0001317	0	5.36
47006	HP:0001939	0	1.74
47006	HP:0001941	0	6.53
47006	HP:0002011	0	2.18
47006	HP:0003011	0	2.09
47006	HP:0003128	0	9.88
47006	HP:0003808	0	3.32
47006	HP:0004360	0	6.19
47006	HP:0007256	0	3.54
47006	HP:0011282	0	4.04
47006	HP:0011283	0	5.36
47006	HP:0011442	0	2.83
47006	HP:0011443	0	4.44
47006	HP:0011804	0	2.44
47006	HP:0012443	0	2.45
47006	HP:0012638	0	1.49
47006	HP:0012639	0	1.93
47006	HP:0012759	0	2.51
47006	HP:0100547	0	3.15
47032	HP:0000359	4.258e-05	8.66
47032	HP:0000598	4.258e-05	8.66
47032	HP:0001751	4.258e-05	8.66
47032	HP:0002321	4.258e-05	8.66
47032	HP:0011389	4.258e-05	8.66
47204	HP:0000079	1.755e-09	15.67
47204	HP:0000119	1.755e-09	15.67
47204	HP:0000707	2.221e-07	10.21
47204	HP:0001254	2.221e-07	10.21
47204	HP:0001392	0.000559	4.74
47204	HP:0001397	0.000559	4.74
47204	HP:0001438	0.000559	4.74
47204	HP:0001939	0	2.84
47204	HP:0001941	2.803e-05	6.38
47204	HP:0001943	1.325e-06	8.65
47204	HP:0001992	1.755e-09	15.67
47204	HP:0002012	0.000559	4.74
47204	HP:0003110	1.755e-09	15.67
47204	HP:0003119	3.105e-08	22.25
47204	HP:0003215	1.755e-09	15.67
47204	HP:0003234	3.105e-08	22.25
47204	HP:0003287	0.0001103	7.35
47204	HP:0004354	4.146e-05	5.39
47204	HP:0004359	3.051e-06	12.21
47204	HP:0004360	2.803e-05	6.38
47204	HP:0004372	9.387e-06	7.15
47204	HP:0010966	3.105e-08	22.25
47204	HP:0010967	3.105e-08	22.25
47204	HP:0010995	0.0008434	3.74
47204	HP:0011013	1.325e-06	8.65
47204	HP:0011014	0.000326	4.83
47204	HP:0011015	2.323e-06	8.2
47204	HP:0011017	3.105e-08	22.25
47204	HP:0011277	0.0002326	4.51
47204	HP:0011446	2.221e-07	10.21
47204	HP:0012072	6.419e-08	9.43
47204	HP:0012103	0.0001228	7.23
47204	HP:0012638	2.221e-07	10.21
47371	HP:0000152	6.093e-06	7.88
47371	HP:0000234	6.093e-06	7.88
47371	HP:0000271	6.093e-06	7.88
47371	HP:0000284	6.093e-06	7.88
47371	HP:0000492	6.093e-06	7.88
47371	HP:0000494	0.0007335	4.97
47371	HP:0000499	6.093e-06	7.88
47371	HP:0000534	0.0003948	4.97
47371	HP:0000606	6.093e-06	7.88
47371	HP:0000707	0.0003515	5.54
47371	HP:0000750	0.0003515	5.54
47371	HP:0000924	6.352e-06	11.33
47371	HP:0000998	0.000415	5.42
47371	HP:0001155	1.276e-05	7.31
47371	HP:0001167	1.276e-05	7.31
47371	HP:0001217	0.0006656	5.03
47371	HP:0001574	6.093e-06	7.88
47371	HP:0001595	6.093e-06	7.88
47371	HP:0001760	6.352e-06	11.33
47371	HP:0001780	6.352e-06	11.33
47371	HP:0002813	6.352e-06	11.33
47371	HP:0002814	6.352e-06	11.33
47371	HP:0002817	1.276e-05	7.31
47371	HP:0005918	1.276e-05	7.31
47371	HP:0008050	0.0007335	4.97
47371	HP:0009767	2.272e-05	6.89
47371	HP:0009803	1.276e-05	7.31
47371	HP:0010161	6.352e-06	11.33
47371	HP:0011138	6.093e-06	7.88
47371	HP:0011297	6.352e-06	11.33
47371	HP:0011362	0.000415	5.42
47371	HP:0011842	6.352e-06	11.33
47371	HP:0011844	6.352e-06	11.33
47371	HP:0011927	0.0004689	4.86
47371	HP:0012638	0.0003515	5.54
47371	HP:0012758	0.0003515	5.54
47371	HP:0012759	0.0003515	5.54
47371	HP:0100760	6.352e-06	11.33
47371	HP:0200006	0.0007335	4.97
47455	HP:0000478	0	1.81
47455	HP:0012372	0	2.24
47455	HP:0012374	0	2.3
47460	HP:0000152	2.573e-05	8.24
47460	HP:0000234	2.573e-05	8.24
47460	HP:0000269	2.573e-05	8.24
47460	HP:0000271	0.0008836	3.96
47460	HP:0000290	0.0008836	3.96
47460	HP:0000337	0.0008836	3.96
47460	HP:0000356	0.0004786	4.74
47460	HP:0000357	0.0004786	4.74
47460	HP:0000358	0.0004786	4.74
47460	HP:0000598	0.0004786	4.74
47460	HP:0000924	2.573e-05	8.24
47460	HP:0000929	2.573e-05	8.24
47460	HP:0002648	2.573e-05	8.24
47460	HP:0002683	2.573e-05	8.24
47460	HP:0009121	2.573e-05	8.24
47460	HP:0011217	2.573e-05	8.24
47460	HP:0011842	2.573e-05	8.24
47577	HP:0001324	3.407e-05	6.99
47577	HP:0001939	0.0001221	6.07
47577	HP:0002086	0.0008676	4.28
47577	HP:0002088	0.0008676	4.28
47577	HP:0002093	0.0008676	4.28
47577	HP:0002795	0.0008676	4.28
47577	HP:0003011	3.407e-05	6.99
47577	HP:0003701	3.407e-05	6.99
47577	HP:0010876	0.0007392	4.47
47577	HP:0011021	0.0001221	6.07
47577	HP:0011804	3.407e-05	6.99
47577	HP:0012252	0.0008676	4.28
47656	HP:0002086	0	2.75
47687	HP:0000951	0	2.26
47687	HP:0001574	0	1.97
47687	HP:0002715	0	2.78
47687	HP:0010978	0	3.93
47687	HP:0011354	0	2.61
48066	HP:0003011	0.0009267	5.37
48066	HP:0003202	0.0009267	5.37
48066	HP:0003693	0.0009267	5.37
48066	HP:0011805	0.0009267	5.37
48093	HP:0002086	0	2.75
48265	HP:0000818	6.101e-06	9.25
48265	HP:0000840	6.101e-06	9.25
48265	HP:0001939	0.0007874	5.73
48265	HP:0003155	0.0007874	5.73
48265	HP:0004379	0.0007874	5.73
48265	HP:0008373	6.101e-06	9.25
48265	HP:0012379	0.0007874	5.73
48351	HP:0000152	0.0007411	4.33
48351	HP:0000234	0.0007411	4.33
48351	HP:0000924	0.0007411	4.33
48351	HP:0000929	0.0007411	4.33
48351	HP:0002648	0.0007411	4.33
48351	HP:0002683	0.0007411	4.33
48351	HP:0009121	0.0007411	4.33
48351	HP:0011842	0.0007411	4.33
48360	HP:0000707	0	1.31
48360	HP:0003011	0	2.09
48360	HP:0012638	0	1.49
48404	HP:0002664	0.0008434	5.71
48404	HP:0002861	0.0008434	5.71
48404	HP:0011792	0.0008434	5.71
48453	HP:0000032	0.0006541	4.15
48453	HP:0000077	0.0001469	4.55
48453	HP:0000078	0.0006541	4.15
48453	HP:0000079	0.0001469	4.55
48453	HP:0000119	0.000494	3.41
48453	HP:0000152	9.22e-05	7.81
48453	HP:0000234	9.22e-05	7.81
48453	HP:0000356	0.0002151	5.03
48453	HP:0000357	0.0002151	5.03
48453	HP:0000369	0.0002151	5.03
48453	HP:0000478	0	3.46
48453	HP:0000479	0.0002277	4.66
48453	HP:0000517	0.0002219	4.68
48453	HP:0000518	0.0001687	4.81
48453	HP:0000598	0.000952	3.49
48453	HP:0000707	9.22e-05	7.81
48453	HP:0000811	0.0007832	4.06
48453	HP:0000924	0	3.3
48453	HP:0000929	9.22e-05	7.81
48453	HP:0000932	0.0001912	6.98
48453	HP:0001007	0.0007289	5.6
48453	HP:0001098	9.622e-07	7.52
48453	HP:0001155	7.368e-06	9.09
48453	HP:0001161	0.0001731	6.18
48453	HP:0001162	7.368e-06	9.09
48453	HP:0001167	7.368e-06	9.09
48453	HP:0001305	9.22e-05	7.81
48453	HP:0001317	9.22e-05	7.81
48453	HP:0001320	0.000565	5.85
48453	HP:0001392	0.0001202	6.06
48453	HP:0001395	0.0001202	5.44
48453	HP:0001399	0.0002013	6.06
48453	HP:0001410	0.0002013	6.06
48453	HP:0001438	0.0001202	6.06
48453	HP:0001507	0.0002424	3.65
48453	HP:0001574	0.0007289	5.6
48453	HP:0001595	0.0007289	5.6
48453	HP:0001626	0.0001078	7.63
48453	HP:0001627	0.0001078	7.63
48453	HP:0001711	0.0001078	7.63
48453	HP:0001712	0.0001078	7.63
48453	HP:0001713	0.0001078	7.63
48453	HP:0001714	0.0001078	7.63
48453	HP:0001760	5.023e-05	7.23
48453	HP:0001780	5.023e-05	7.23
48453	HP:0001829	5.023e-05	7.23
48453	HP:0002011	9.22e-05	7.81
48453	HP:0002012	0.0001432	3.83
48453	HP:0002086	0.0005445	3.98
48453	HP:0002088	0.0005445	3.98
48453	HP:0002118	9.22e-05	7.81
48453	HP:0002119	9.22e-05	7.81
48453	HP:0002198	0.0001078	7.63
48453	HP:0002334	0.0008571	5.44
48453	HP:0002350	0.0001261	7.45
48453	HP:0002438	9.22e-05	7.81
48453	HP:0002564	0.0001078	7.63
48453	HP:0002693	9.22e-05	7.81
48453	HP:0002715	0.0002762	3.97
48453	HP:0002813	7.368e-06	9.09
48453	HP:0002814	5.023e-05	7.23
48453	HP:0002817	7.368e-06	9.09
48453	HP:0004207	7.368e-06	9.09
48453	HP:0004275	7.368e-06	9.09
48453	HP:0004328	0.0001687	4.81
48453	HP:0004329	9.622e-07	7.52
48453	HP:0005445	0.0001078	7.63
48453	HP:0005918	7.368e-06	9.09
48453	HP:0006817	0.0006738	5.68
48453	HP:0007703	9.622e-07	7.52
48453	HP:0008051	1.664e-06	7.21
48453	HP:0009121	0	4.2
48453	HP:0009136	5.023e-05	7.23
48453	HP:0009142	7.368e-06	9.09
48453	HP:0009997	7.368e-06	9.09
48453	HP:0010442	7.368e-06	9.09
48453	HP:0010461	0.0007362	4.09
48453	HP:0010576	9.22e-05	7.81
48453	HP:0010935	0.0002424	4.33
48453	HP:0010950	0.0001078	7.63
48453	HP:0011024	0.0001747	4.47
48453	HP:0011138	0.0007289	5.6
48453	HP:0011282	9.22e-05	7.81
48453	HP:0011283	9.22e-05	7.81
48453	HP:0011297	7.368e-06	9.09
48453	HP:0011362	0.0007289	5.6
48453	HP:0011842	0	3.41
48453	HP:0011844	7.368e-06	9.09
48453	HP:0012243	0.0006541	4.15
48453	HP:0012252	0.0005445	3.98
48453	HP:0012372	9.622e-07	7.52
48453	HP:0012374	0.0001688	3.77
48453	HP:0012443	9.22e-05	7.81
48453	HP:0012639	9.22e-05	7.81
48453	HP:0012718	0.0001747	4.47
48453	HP:0100259	1.772e-05	8.21
48509	HP:0000008	0.0001797	7.1
48509	HP:0000078	0.0001797	7.1
48509	HP:0000119	0.0001797	7.1
48509	HP:0000140	0.0001797	7.1
48509	HP:0000141	0.0005381	5.94
48509	HP:0000786	0.0001797	7.1
48509	HP:0000812	0.0001797	7.1
48509	HP:0000818	5.827e-05	4.77
48509	HP:0008373	0.0001797	7.1
48509	HP:0010460	0.0001797	7.1
48509	HP:0012243	0.0001797	7.1
48548	HP:0000478	0.0006077	5.34
48548	HP:0000479	0.0006077	5.34
48548	HP:0000512	0.0006077	5.34
48548	HP:0000707	0	1.85
48548	HP:0000818	0.0006388	3.88
48548	HP:0001098	0.0006077	5.34
48548	HP:0001507	9.153e-07	7.84
48548	HP:0001513	9.153e-07	7.84
48548	HP:0001939	0.0006688	4.51
48548	HP:0004323	0.0008171	3.75
48548	HP:0004324	1.376e-06	7.55
48548	HP:0004329	0.0006077	5.34
48548	HP:0011013	0.0006688	4.51
48548	HP:0011014	0.0006688	4.51
48548	HP:0012372	0.0006077	5.34
48548	HP:0012374	0.0006077	5.34
48548	HP:0012638	0	2.1
48558	HP:0000707	0	1.31
48558	HP:0001249	0	3.36
48558	HP:0001250	0	2.98
48558	HP:0001263	0	4.45
48558	HP:0001507	0	2.23
48558	HP:0002011	0	2.18
48558	HP:0012443	0	2.45
48558	HP:0012638	0	1.49
48558	HP:0012639	0	1.93
48558	HP:0012758	0	3.39
48558	HP:0012759	0	2.51
48558	HP:0100547	0	3.15
48942	HP:0001626	8.915e-05	7.45
48942	HP:0001695	8.915e-05	7.45
48942	HP:0011025	8.915e-05	7.45
48942	HP:0011675	8.915e-05	7.45
49142	HP:0002715	0	2.78
49159	HP:0000152	2.333e-05	8.79
49159	HP:0000234	2.333e-05	8.79
49159	HP:0000235	0.0001494	7.61
49159	HP:0000356	0.0005253	6.2
49159	HP:0000377	0.0005253	6.2
49159	HP:0000396	0.0005253	6.2
49159	HP:0000478	1.742e-05	10.43
49159	HP:0000481	1.742e-05	10.43
49159	HP:0000495	1.742e-05	10.43
49159	HP:0000598	0.0005253	6.2
49159	HP:0000924	7.526e-06	11.72
49159	HP:0000925	0.0003475	5.29
49159	HP:0000929	2.333e-05	8.79
49159	HP:0001155	0.000674	5.94
49159	HP:0001191	0.000674	5.94
49159	HP:0001363	0.0001494	7.61
49159	HP:0001367	0.000674	5.94
49159	HP:0001760	7.526e-06	11.72
49159	HP:0001780	7.526e-06	11.72
49159	HP:0001831	7.526e-06	11.72
49159	HP:0001850	0.0003089	5.66
49159	HP:0001991	7.526e-06	11.72
49159	HP:0002648	2.333e-05	8.79
49159	HP:0002676	2.333e-05	8.79
49159	HP:0002683	2.333e-05	8.79
49159	HP:0002813	7.526e-06	11.72
49159	HP:0002814	7.526e-06	11.72
49159	HP:0002817	0.000674	5.94
49159	HP:0003019	0.000674	5.94
49159	HP:0003307	0.0003475	5.29
49159	HP:0003795	7.526e-06	11.72
49159	HP:0004278	0.000674	5.94
49159	HP:0004328	1.742e-05	10.43
49159	HP:0004440	0.0001494	7.61
49159	HP:0005048	0.000674	5.94
49159	HP:0006493	7.526e-06	11.72
49159	HP:0006494	7.526e-06	11.72
49159	HP:0008544	0.000674	5.94
49159	HP:0009115	7.526e-06	11.72
49159	HP:0009121	2.333e-05	8.79
49159	HP:0009702	0.000674	5.94
49159	HP:0009810	0.000674	5.94
49159	HP:0009815	7.526e-06	11.72
49159	HP:0010674	0.0003475	5.29
49159	HP:0011039	0.0005253	6.2
49159	HP:0011297	7.526e-06	11.72
49159	HP:0011329	0.0001494	7.61
49159	HP:0011495	1.742e-05	10.43
49159	HP:0011729	0.000674	5.94
49159	HP:0011842	7.526e-06	11.72
49159	HP:0011844	7.526e-06	11.72
49159	HP:0011927	7.526e-06	11.72
49159	HP:0012372	1.742e-05	10.43
49159	HP:0012374	1.742e-05	10.43
49159	HP:0100238	0.000674	5.94
49159	HP:0100240	0.000674	5.94
49159	HP:0100266	0.000674	5.94
49159	HP:0200020	1.742e-05	10.43
49266	HP:0000924	7.062e-05	8.62
49266	HP:0000951	0.000715	5.65
49266	HP:0001574	0.000715	5.65
49266	HP:0002754	7.062e-05	8.62
49266	HP:0005661	7.062e-05	8.62
49266	HP:0011121	0.000715	5.65
49266	HP:0011354	0.000715	5.65
49266	HP:0011843	7.062e-05	8.62
49266	HP:0100725	0.000715	5.65
49314	HP:0000951	0.0005922	4.85
49314	HP:0000962	0.0005922	4.85
49314	HP:0001072	0.0005922	4.85
49314	HP:0001574	0.0005922	4.85
49314	HP:0011121	0.0005922	4.85
49314	HP:0011354	0.0005922	4.85
49314	HP:0011368	0.0005922	4.85
49696	HP:0000478	0	2.76
49696	HP:0000517	0	6.48
49696	HP:0000518	0	6.63
49696	HP:0004328	0	5.04
49696	HP:0010920	1.231e-08	9.89
49696	HP:0012372	0	3.43
49696	HP:0012374	0	3.51
49843	HP:0002715	0.0009791	4.26
49843	HP:0002960	0.0009791	4.26
49843	HP:0010978	0.0009791	4.26
49880	HP:0000951	0.0005896	4.7
49880	HP:0001574	0.0005896	4.7
49880	HP:0001626	0	2.58
49880	HP:0001627	0	3.82
49880	HP:0001646	1.249e-05	8.39
49880	HP:0001654	1.249e-05	8.39
49880	HP:0002564	0	3.89
49880	HP:0002597	0	4.45
49880	HP:0011004	0	7.34
49880	HP:0011276	0.0005896	4.7
49880	HP:0011354	0.0005896	4.7
49885	HP:0000707	0	1.99
49885	HP:0000759	5.252e-05	8.04
49885	HP:0000764	5.252e-05	8.04
49885	HP:0000924	0	2.63
49885	HP:0001265	4.779e-05	6.72
49885	HP:0001315	4.779e-05	6.72
49885	HP:0002011	0	3.33
49885	HP:0011842	0	2.72
49885	HP:0012638	4.779e-05	6.72
49885	HP:0012639	0	2.96
49944	HP:0000478	0.0007973	5.46
49944	HP:0000479	0.0007973	5.46
49944	HP:0000510	0.0007973	5.46
49944	HP:0000951	0.0005084	4.3
49944	HP:0000987	0.0005084	4.3
49944	HP:0001098	0.0007973	5.46
49944	HP:0001574	0.0005084	4.3
49944	HP:0003549	0.0005084	4.3
49944	HP:0004329	0.0007973	5.46
49944	HP:0007703	0.0007973	5.46
49944	HP:0008051	0.0007973	5.46
49944	HP:0011354	0.0005084	4.3
49944	HP:0012372	0.0007973	5.46
49944	HP:0012374	0.0007973	5.46
49944	HP:0100699	0.0005084	4.3
50045	HP:0000707	0.0004394	5.82
50045	HP:0000951	0.0002721	6.95
50045	HP:0001287	0.0004394	5.82
50045	HP:0001392	3.285e-05	9.56
50045	HP:0001438	3.285e-05	9.56
50045	HP:0001574	0.0002721	6.95
50045	HP:0001581	0.0002721	6.95
50045	HP:0002011	0.0004394	5.82
50045	HP:0002012	3.285e-05	9.56
50045	HP:0002086	0.0002151	6.72
50045	HP:0002088	0.0002151	6.72
50045	HP:0002715	3.285e-05	9.56
50045	HP:0002718	0.0002721	6.95
50045	HP:0002719	3.285e-05	9.56
50045	HP:0002722	3.285e-05	9.56
50045	HP:0003549	1.685e-05	8.88
50045	HP:0005406	0.0002721	6.95
50045	HP:0006536	0.0002151	6.72
50045	HP:0010978	3.285e-05	9.56
50045	HP:0011122	0.0002721	6.95
50045	HP:0011123	0.0002721	6.95
50045	HP:0011354	0.0002721	6.95
50045	HP:0011450	0.0004394	5.82
50045	HP:0012252	0.0002151	6.72
50045	HP:0012639	0.0004394	5.82
50045	HP:0100523	3.285e-05	9.56
50045	HP:0100658	1.685e-05	8.88
50157	HP:0000707	3.8e-05	6.72
50157	HP:0002011	3.8e-05	6.72
50157	HP:0002059	0.0005922	4.85
50157	HP:0002060	3.8e-05	6.72
50157	HP:0002120	3.8e-05	6.72
50157	HP:0002977	3.8e-05	6.72
50157	HP:0007367	3.8e-05	6.72
50157	HP:0007369	0.0006708	4.77
50157	HP:0012443	3.8e-05	6.72
50157	HP:0012444	0.0007784	4.67
50157	HP:0012639	3.8e-05	6.72
50157	HP:0100547	3.8e-05	6.72
50282	HP:0000707	0	1.51
50448	HP:0000152	0	1.71
50448	HP:0000234	0	1.74
50448	HP:0000240	0	3.62
50448	HP:0000252	0	4.42
50448	HP:0000707	0	1.31
50448	HP:0000924	0	1.72
50448	HP:0000929	0	2.55
50448	HP:0001438	0	1.95
50448	HP:0002011	0	2.18
50448	HP:0002012	0	2.33
50448	HP:0002060	0	4.42
50448	HP:0002977	0	3.46
50448	HP:0007364	0	4.08
50448	HP:0009121	0	2.2
50448	HP:0011842	0	1.78
50448	HP:0012443	0	2.45
50448	HP:0012638	0	1.49
50448	HP:0012639	0	1.93
50448	HP:0012759	0	2.51
50448	HP:0100547	0	3.15
50514	HP:0000152	2.836e-05	6.72
50514	HP:0000234	2.836e-05	6.72
50514	HP:0000271	2.836e-05	6.72
50514	HP:0000366	2.836e-05	6.72
50514	HP:0000421	2.836e-05	6.72
50514	HP:0000924	2.564e-06	10.92
50514	HP:0001367	2.564e-06	10.92
50514	HP:0001626	2.564e-06	10.92
50514	HP:0001871	2.564e-06	10.92
50514	HP:0001892	2.564e-06	10.92
50514	HP:0001928	0.0006371	4.2
50514	HP:0001977	2.202e-05	10.06
50514	HP:0002625	2.202e-05	10.06
50514	HP:0003645	1.644e-05	5.89
50514	HP:0004936	2.202e-05	10.06
50514	HP:0005261	2.564e-06	10.92
50514	HP:0011025	2.564e-06	10.92
50514	HP:0011028	2.564e-06	10.92
50514	HP:0011029	2.564e-06	10.92
50514	HP:0011842	2.564e-06	10.92
50730	HP:0000152	0.0008615	5.21
50730	HP:0000234	0.0008615	5.21
50730	HP:0000271	0.0008615	5.21
50730	HP:0000311	0.0008615	5.21
50730	HP:0000707	0.0003089	6.77
50730	HP:0000759	0.0003089	6.77
50730	HP:0001507	0.0003089	6.77
50730	HP:0001999	0.0008615	5.21
50730	HP:0003130	0.0003089	6.77
50730	HP:0003380	0.0009797	5.54
50730	HP:0003383	0.0003089	6.77
50730	HP:0011096	0.0009797	5.54
50730	HP:0012447	0.0003089	6.77
50730	HP:0012639	0.0003089	6.77
50730	HP:0100555	0.0003089	6.77
50924	HP:0000924	4.079e-05	8.11
50924	HP:0001367	0.0002266	5.26
50924	HP:0001376	0.0002266	5.26
50924	HP:0002644	0.0004203	4.83
50924	HP:0002813	4.079e-05	8.11
50924	HP:0002814	4.079e-05	8.11
50924	HP:0002823	4.079e-05	8.11
50924	HP:0003366	0.0001046	7.07
50924	HP:0003367	4.079e-05	8.11
50924	HP:0011729	0.0002266	5.26
50924	HP:0011842	4.079e-05	8.11
50924	HP:0011844	4.079e-05	8.11
50979	HP:0000002	0.0001963	7.24
50979	HP:0000924	0.0001963	7.24
50979	HP:0001507	0.0001963	7.24
50979	HP:0001510	0.0001963	7.24
50979	HP:0002086	0.0003336	6.65
50979	HP:0002087	0.0003336	6.65
50979	HP:0002109	0.0003336	6.65
50979	HP:0002110	0.0003336	6.65
50979	HP:0002813	0.0001963	7.24
50979	HP:0003498	0.0001963	7.24
50979	HP:0004322	0.0001963	7.24
50979	HP:0005607	0.0003336	6.65
50979	HP:0008873	0.0001963	7.24
50979	HP:0008905	0.0001963	7.24
50979	HP:0009115	0.0001963	7.24
50979	HP:0009815	0.0001963	7.24
50979	HP:0009826	0.0001963	7.24
50979	HP:0011842	0.0001963	7.24
50979	HP:0011844	0.0001963	7.24
50979	HP:0012252	0.0003336	6.65
51012	HP:0000079	0	2.69
51012	HP:0000119	0	2.1
51012	HP:0000707	0	1.31
51012	HP:0000708	0	3.42
51012	HP:0000759	0	4.14
51012	HP:0000763	0	11.42
51012	HP:0000924	0	1.72
51012	HP:0000951	0	2.26
51012	HP:0000969	0	6.07
51012	HP:0001438	0	1.95
51012	HP:0001574	0	1.97
51012	HP:0001626	0	2.24
51012	HP:0001627	0	3.31
51012	HP:0001637	0	5.97
51012	HP:0001638	0	6.09
51012	HP:0001939	0	1.74
51012	HP:0002011	0	2.18
51012	HP:0002376	0	8.89
51012	HP:0002564	0	3.37
51012	HP:0003011	0	2.09
51012	HP:0009830	0	5.45
51012	HP:0011032	0	5.45
51012	HP:0011804	0	2.44
51012	HP:0011842	0	1.78
51012	HP:0012443	0	2.45
51012	HP:0012638	0	1.49
51012	HP:0012639	0	1.93
51012	HP:0012759	0	2.51
51012	HP:0100022	0	3.26
51231	HP:0000707	1.339e-05	8.07
51231	HP:0001249	4.984e-05	4.62
51231	HP:0001252	5.49e-05	4.58
51231	HP:0001254	1.339e-05	8.07
51231	HP:0001939	6.634e-07	7.81
51231	HP:0001941	6.634e-07	7.81
51231	HP:0001943	5.475e-05	6.81
51231	HP:0003011	0	3.41
51231	HP:0003808	5.822e-05	4.55
51231	HP:0004337	8.869e-06	7.19
51231	HP:0004354	0.0002523	4.76
51231	HP:0004360	2.005e-05	5.33
51231	HP:0004372	1.339e-05	8.07
51231	HP:0007256	0.000664	3.99
51231	HP:0011013	5.475e-05	6.81
51231	HP:0011014	5.475e-05	6.81
51231	HP:0011015	8.652e-05	6.44
51231	HP:0011442	0.000664	3.99
51231	HP:0011446	1.339e-05	8.07
51231	HP:0011804	5.49e-05	4.58
51231	HP:0012638	1.339e-05	8.07
51231	HP:0012759	4.984e-05	4.62
51247	HP:0001939	2.948e-05	7.42
51247	HP:0001941	0.0002186	5.52
51247	HP:0001943	2.948e-05	7.42
51247	HP:0003011	0	2.41
51247	HP:0004360	0.0003089	5.22
51247	HP:0011013	2.948e-05	7.42
51247	HP:0011014	2.948e-05	7.42
51247	HP:0011015	4.236e-05	7.04
51446	HP:0000707	0	1.51
51446	HP:0000759	3.979e-06	9.81
51446	HP:0000763	3.979e-06	9.81
51446	HP:0000969	0.0003543	5.11
51446	HP:0001438	0	2.25
51446	HP:0001626	0	2.58
51446	HP:0001627	0	3.82
51446	HP:0001637	0	6.89
51446	HP:0001638	0	7.03
51446	HP:0001939	0	2.01
51446	HP:0002376	2.51e-05	7.6
51446	HP:0002564	0	3.89
51446	HP:0003011	0	2.41
51446	HP:0003202	0.0007865	4.47
51446	HP:0009830	0.000697	4.56
51446	HP:0011032	0.0003543	5.11
51446	HP:0011804	0	2.81
51446	HP:0011805	0.0007865	4.47
51446	HP:0012638	0	1.72
51446	HP:0012639	3.979e-06	9.81
51446	HP:0012759	2.51e-05	7.6
51487	HP:0000152	0	1.97
51487	HP:0000234	0	2
51487	HP:0000238	9.557e-05	6.27
51487	HP:0000271	0	2.18
51487	HP:0000364	0	3.69
51487	HP:0000365	0	3.75
51487	HP:0000478	0	2.09
51487	HP:0000481	3.289e-05	7.31
51487	HP:0000598	0	2.88
51487	HP:0000707	0	1.51
51487	HP:0000924	0.0002696	5.34
51487	HP:0000925	0.0002696	5.34
51487	HP:0001252	0	3.85
51487	HP:0001438	0	2.25
51487	HP:0001574	0	2.28
51487	HP:0001626	0	2.58
51487	HP:0001627	0.0001032	6.19
51487	HP:0001654	0.0001032	6.19
51487	HP:0001743	0.0009397	4.33
51487	HP:0001744	0.0004885	4.85
51487	HP:0001939	0	2.01
51487	HP:0001999	0	4.45
51487	HP:0002011	9.557e-05	6.27
51487	HP:0002012	0.0004885	4.85
51487	HP:0002086	0	3.18
51487	HP:0002088	0	3.71
51487	HP:0002118	0.0007114	4.55
51487	HP:0002205	0	6.89
51487	HP:0002564	0.0001032	6.19
51487	HP:0002597	0	4.45
51487	HP:0002715	0	3.21
51487	HP:0002719	0	5.73
51487	HP:0002808	0.0002696	5.34
51487	HP:0002921	0.0002464	5.42
51487	HP:0003011	0	2.41
51487	HP:0003271	0.0004885	4.85
51487	HP:0003468	0.0004151	4.98
51487	HP:0003808	0	3.83
51487	HP:0004328	3.289e-05	7.31
51487	HP:0007759	3.289e-05	7.31
51487	HP:0007957	8.47e-05	6.38
51487	HP:0009121	0.0002696	5.34
51487	HP:0010674	0.0002696	5.34
51487	HP:0010978	0	4.54
51487	HP:0011492	3.468e-05	7.25
51487	HP:0011804	0	2.81
51487	HP:0011842	0.0002696	5.34
51487	HP:0011947	0	6.69
51487	HP:0012252	0	3.43
51487	HP:0012372	0	2.59
51487	HP:0012374	0	2.65
51487	HP:0012443	9.557e-05	6.27
51487	HP:0012638	0	1.72
51487	HP:0012639	0	2.23
51487	HP:0012759	0	2.89
51487	HP:0100763	0.0004885	4.85
51570	HP:0000951	0	2.26
51570	HP:0001392	0	3.43
51570	HP:0001438	0	1.95
51570	HP:0001574	0	1.97
51570	HP:0002012	0	2.33
51570	HP:0003271	0	4.32
51570	HP:0011354	0	2.61
51751	HP:0000707	0.0008859	5.56
51751	HP:0000818	0.0003091	6.65
51751	HP:0000834	0.0003091	6.65
51751	HP:0000846	0.0005921	5.97
51751	HP:0001266	0.0008859	5.56
51751	HP:0002072	0.0008859	5.56
51751	HP:0003011	0.0008859	5.56
51751	HP:0004305	0.0008859	5.56
51751	HP:0008207	0.0003091	6.65
51751	HP:0011733	0.0003091	6.65
51751	HP:0011804	0.0008859	5.56
51751	HP:0012638	0.0008859	5.56
51751	HP:0100022	0.0008859	5.56
51913	HP:0001939	0	2.01
52034	HP:0000707	0	1.31
52034	HP:0012638	0	1.49
52048	HP:0000924	2.789e-05	8.18
52048	HP:0001367	2.789e-05	8.18
52048	HP:0001939	0.0004048	5.47
52048	HP:0002829	2.789e-05	8.18
52048	HP:0004370	0.0004048	5.47
52048	HP:0011842	2.789e-05	8.18
52103	HP:0000079	0	2.69
52103	HP:0000119	0	2.1
52103	HP:0000707	0	1.31
52103	HP:0001939	0	1.74
52103	HP:0003011	0	2.09
52103	HP:0011804	0	2.44
52103	HP:0012639	0	1.93
52375	HP:0000707	0	1.69
52375	HP:0001939	6.854e-06	9.95
52375	HP:0001941	0.0008474	4.82
52375	HP:0002151	6.854e-06	9.95
52375	HP:0004360	6.854e-06	9.95
52375	HP:0012639	0	2.5
52441	HP:0000079	0.0002611	5.86
52441	HP:0000119	0.0002611	5.86
52441	HP:0000707	1.797e-05	8.71
52441	HP:0001254	4.112e-05	7.74
52441	HP:0001259	1.797e-05	8.71
52441	HP:0001263	0.0004217	4.42
52441	HP:0001438	0.0001582	6.35
52441	HP:0001626	0.0009081	4.36
52441	HP:0001939	3.024e-06	11.13
52441	HP:0001943	0.0001284	6.55
52441	HP:0001987	3.024e-06	11.13
52441	HP:0002011	0.0009081	4.36
52441	HP:0002013	0.0001582	6.35
52441	HP:0002017	0.00059	5.13
52441	HP:0002157	5.302e-06	10.3
52441	HP:0002597	0.0009081	4.36
52441	HP:0003011	0	2.7
52441	HP:0003110	0.0002611	5.86
52441	HP:0004337	0.0004197	5.43
52441	HP:0004354	0.0004197	5.43
52441	HP:0004360	2.789e-05	6.27
52441	HP:0004364	1.891e-05	7.91
52441	HP:0004372	0.0004327	5.4
52441	HP:0011013	0.0001284	6.55
52441	HP:0011014	0.0001284	6.55
52441	HP:0011015	0.0001819	6.21
52441	HP:0011277	0.0002611	5.86
52441	HP:0011446	1.797e-05	8.71
52441	HP:0011458	0.0001582	6.35
52441	HP:0012072	0.0002611	5.86
52441	HP:0012443	0.0009081	4.36
52441	HP:0012638	1.797e-05	8.71
52441	HP:0012639	0.0009081	4.36
52441	HP:0012758	0.0004217	4.42
52441	HP:0012759	0.0004217	4.42
52441	HP:0100659	0.0009081	4.36
52491	HP:0000152	0	1.97
52491	HP:0000234	0	2
52491	HP:0000240	0	4.18
52491	HP:0000252	0	5.1
52491	HP:0000707	0	1.51
52491	HP:0000924	0	1.99
52491	HP:0000929	0	2.95
52491	HP:0001249	0	3.88
52491	HP:0001250	0	3.45
52491	HP:0001273	9.184e-05	6.3
52491	HP:0001274	4.369e-06	9.69
52491	HP:0002011	0	2.52
52491	HP:0002060	0	17.1
52491	HP:0002126	0	17.1
52491	HP:0002269	0	8.98
52491	HP:0002363	1.014e-05	8.63
52491	HP:0002500	0.0001647	5.77
52491	HP:0002536	0	12.14
52491	HP:0002538	0	11.76
52491	HP:0002977	0	4
52491	HP:0007362	8.983e-06	8.78
52491	HP:0007364	0	4.72
52491	HP:0007370	4.369e-06	9.69
52491	HP:0009121	0	2.54
52491	HP:0010993	4.369e-06	9.69
52491	HP:0011842	0	2.05
52491	HP:0012443	0	2.83
52491	HP:0012638	0	1.72
52491	HP:0012639	0	2.23
52491	HP:0012758	0	3.91
52491	HP:0012759	0	2.89
52491	HP:0100547	0	3.64
52592	HP:0000119	0.0007024	5.88
52592	HP:0000356	0.0002827	4.97
52592	HP:0000357	0.0002827	4.97
52592	HP:0000358	0.0006635	4.53
52592	HP:0000368	0.0002827	4.97
52592	HP:0000369	0.0002827	4.97
52592	HP:0000598	0.0002827	4.97
52592	HP:0000765	0.0004885	5.67
52592	HP:0000924	0.0004885	5.67
52592	HP:0000951	0.0004511	6.34
52592	HP:0000953	0.0004511	6.34
52592	HP:0001000	0.0004511	6.34
52592	HP:0001547	0.0004885	5.67
52592	HP:0001574	0.0001418	7.65
52592	HP:0001595	0.0001418	7.65
52592	HP:0002212	0.0001418	7.65
52592	HP:0002664	0.0007024	5.88
52592	HP:0007379	0.0007024	5.88
52592	HP:0007440	0.0004511	6.34
52592	HP:0009121	0.0004885	5.67
52592	HP:0009725	0.0007024	5.88
52592	HP:0010719	0.0001418	7.65
52592	HP:0010786	0.0007024	5.88
52592	HP:0011121	0.0004511	6.34
52592	HP:0011138	0.0001418	7.65
52592	HP:0011354	0.0004511	6.34
52592	HP:0011793	0.0007024	5.88
52592	HP:0011842	0.0004885	5.67
52592	HP:0100625	0.0004885	5.67
52670	HP:0000119	0	2.1
52670	HP:0000364	0	3.19
52670	HP:0000365	0	3.25
52670	HP:0000598	0	2.5
52670	HP:0001939	0	1.74
52686	HP:0000152	0.0008026	5.74
52686	HP:0000234	0.0008026	5.74
52686	HP:0000271	0.0008026	5.74
52686	HP:0000290	0.0008026	5.74
52686	HP:0000294	0.0008026	5.74
52686	HP:0000599	0.0008026	5.74
52686	HP:0001574	0.0008026	5.74
52686	HP:0001595	0.0008026	5.74
52686	HP:0001626	0.0009723	5.11
52686	HP:0001677	0.0009723	5.11
52686	HP:0001965	0.0008026	5.74
52686	HP:0002086	0.000519	6.2
52686	HP:0002087	0.000519	6.2
52686	HP:0002109	0.000519	6.2
52686	HP:0002110	0.000519	6.2
52686	HP:0002597	0.0009723	5.11
52686	HP:0002621	0.0009723	5.11
52686	HP:0002634	0.0009723	5.11
52686	HP:0005114	0.0009723	5.11
52686	HP:0005607	0.000519	6.2
52686	HP:0006704	0.0009723	5.11
52686	HP:0009553	0.0008026	5.74
52686	HP:0010720	0.0008026	5.74
52686	HP:0011004	0.0009723	5.11
52686	HP:0011138	0.0008026	5.74
52686	HP:0011361	0.0008026	5.74
52686	HP:0012252	0.000519	6.2
52686	HP:0100037	0.0008026	5.74
52686	HP:0100545	0.0009723	5.11
52778	HP:0000707	0	1.31
52778	HP:0001249	0	3.36
52778	HP:0001251	0	5.36
52778	HP:0001252	0	3.33
52778	HP:0001317	0	5.36
52778	HP:0001939	0	1.74
52778	HP:0001941	0	6.53
52778	HP:0002011	0	2.18
52778	HP:0003011	0	2.09
52778	HP:0003128	0	9.88
52778	HP:0003808	0	3.32
52778	HP:0004360	0	6.19
52778	HP:0007256	0	3.54
52778	HP:0011282	0	4.04
52778	HP:0011283	0	5.36
52778	HP:0011442	0	2.83
52778	HP:0011443	0	4.44
52778	HP:0011804	0	2.44
52778	HP:0012443	0	2.45
52778	HP:0012638	0	1.49
52778	HP:0012639	0	1.93
52778	HP:0012759	0	2.51
52778	HP:0100547	0	3.15
52955	HP:0000707	0	1.51
52955	HP:0012638	0	1.72
52955	HP:0012639	0	2.23
53068	HP:0000152	0.0004197	5.43
53068	HP:0000234	0.0004197	5.43
53068	HP:0000271	0.0004197	5.43
53068	HP:0000478	0.0005715	5.16
53068	HP:0000525	0.0005715	5.16
53068	HP:0000553	0.0005715	5.16
53068	HP:0000707	3.525e-06	10.9
53068	HP:0001626	0	2.89
53068	HP:0002011	3.525e-06	10.9
53068	HP:0002597	3.525e-06	10.9
53068	HP:0004328	0.0005715	5.16
53068	HP:0005114	5.47e-05	7.42
53068	HP:0009145	3.525e-06	10.9
53068	HP:0011004	3.525e-06	10.9
53068	HP:0011799	0.0004197	5.43
53068	HP:0012372	0.0005715	5.16
53068	HP:0012374	0.0005715	5.16
53068	HP:0012443	3.525e-06	10.9
53068	HP:0012639	3.525e-06	10.9
53068	HP:0100659	0.0001582	6.35
53118	HP:0002715	0	2.78
53301	HP:0000002	4.899e-06	9.53
53301	HP:0000098	4.899e-06	9.53
53301	HP:0000152	2.703e-06	13.13
53301	HP:0000464	2.703e-06	13.13
53301	HP:0000473	2.641e-05	9.57
53301	HP:0000707	2.641e-05	9.57
53301	HP:0000924	1.855e-07	18.71
53301	HP:0000925	3.627e-05	9.14
53301	HP:0000951	0.0002344	5.61
53301	HP:0000962	0.0002721	5.16
53301	HP:0000971	0.0003113	5.87
53301	HP:0000975	0.0003113	5.87
53301	HP:0001072	0.0002721	5.16
53301	HP:0001155	1.855e-07	18.71
53301	HP:0001197	0.0009008	5.51
53301	HP:0001324	4.863e-05	8.76
53301	HP:0001332	2.641e-05	9.57
53301	HP:0001367	1.855e-07	18.71
53301	HP:0001371	2.703e-06	13.13
53301	HP:0001382	1.855e-07	18.71
53301	HP:0001507	4.899e-06	9.53
53301	HP:0001533	4.899e-06	9.53
53301	HP:0001557	0.0009008	5.51
53301	HP:0001558	0.0009008	5.51
53301	HP:0001574	0.0002344	5.87
53301	HP:0001871	8.303e-05	8.11
53301	HP:0001872	8.303e-05	8.11
53301	HP:0001892	0.0002344	5.61
53301	HP:0001933	0.0002344	5.61
53301	HP:0001939	4.863e-05	8.76
53301	HP:0002086	1.855e-07	18.71
53301	HP:0002088	0.0003728	6.41
53301	HP:0002093	0.0008026	5.62
53301	HP:0002205	0.0003728	6.41
53301	HP:0002715	0.0003728	6.41
53301	HP:0002719	0.0003728	6.41
53301	HP:0002747	0.0008026	5.62
53301	HP:0002783	0.0003728	6.41
53301	HP:0002791	3.627e-05	9.14
53301	HP:0002793	1.855e-07	18.71
53301	HP:0002795	1.855e-07	18.71
53301	HP:0002813	1.855e-07	18.71
53301	HP:0002814	1.855e-07	18.71
53301	HP:0002817	1.855e-07	18.71
53301	HP:0002877	1.855e-07	18.71
53301	HP:0003010	8.303e-05	8.11
53301	HP:0003011	5.671e-07	16.17
53301	HP:0003028	1.855e-07	18.71
53301	HP:0003121	2.703e-06	13.13
53301	HP:0003202	0.0006275	4.65
53301	HP:0003236	4.863e-05	8.76
53301	HP:0003306	3.627e-05	9.14
53301	HP:0003325	4.863e-05	8.76
53301	HP:0003549	2.703e-06	13.13
53301	HP:0003557	1.256e-05	10.64
53301	HP:0003700	0.0006275	4.65
53301	HP:0003713	5.671e-07	16.17
53301	HP:0003803	1.256e-05	10.64
53301	HP:0004303	5.671e-07	16.17
53301	HP:0004323	4.899e-06	9.53
53301	HP:0004325	4.899e-06	9.53
53301	HP:0004347	0.0008026	5.62
53301	HP:0004373	0.0001046	7.83
53301	HP:0005072	1.855e-07	18.71
53301	HP:0005750	2.703e-06	13.13
53301	HP:0005988	2.703e-06	13.13
53301	HP:0006094	1.855e-07	18.71
53301	HP:0006149	1.855e-07	18.71
53301	HP:0006256	2.755e-06	11.8
53301	HP:0006460	1.855e-07	18.71
53301	HP:0006466	2.703e-06	13.13
53301	HP:0008180	4.863e-05	8.76
53301	HP:0009121	3.627e-05	9.14
53301	HP:0010876	4.863e-05	8.76
53301	HP:0010978	0.0003728	6.41
53301	HP:0011006	0.0009008	5.51
53301	HP:0011021	4.863e-05	8.76
53301	HP:0011121	0.0002721	5.16
53301	HP:0011138	0.0003113	5.87
53301	HP:0011276	0.0002344	5.61
53301	HP:0011354	0.0002344	5.61
53301	HP:0011368	0.0009192	4.44
53301	HP:0011442	2.641e-05	9.57
53301	HP:0011729	1.855e-07	18.71
53301	HP:0011804	4.863e-05	8.76
53301	HP:0011805	5.671e-07	16.17
53301	HP:0011842	1.855e-07	18.71
53301	HP:0011844	1.855e-07	18.71
53301	HP:0011947	0.0003728	6.41
53301	HP:0012084	2.641e-05	9.57
53301	HP:0012179	6.394e-05	8.42
53301	HP:0012252	0.0003728	6.41
53301	HP:0012638	2.641e-05	9.57
53301	HP:0100022	2.641e-05	9.57
53301	HP:0100491	1.855e-07	18.71
53653	HP:0000023	0.0002533	6.34
53653	HP:0000079	1.183e-11	22.86
53653	HP:0000119	0	3.21
53653	HP:0000152	0	2.61
53653	HP:0000153	0.0005236	5.63
53653	HP:0000159	0.0005236	5.63
53653	HP:0000178	0.0005236	5.63
53653	HP:0000179	0.0005236	5.63
53653	HP:0000234	0	2.65
53653	HP:0000271	0	2.89
53653	HP:0000280	8.485e-07	8.6
53653	HP:0000364	0.0003449	3.98
53653	HP:0000365	0.0002952	4.05
53653	HP:0000366	0	4.6
53653	HP:0000422	0.0005522	4.86
53653	HP:0000478	0.000742	5.29
53653	HP:0000481	0.000742	5.29
53653	HP:0000598	0.0002952	4.05
53653	HP:0000600	0.0002043	5.59
53653	HP:0000707	0	1.99
53653	HP:0000752	0.0007103	5.34
53653	HP:0000765	0.0001268	5.95
53653	HP:0000772	0.0001268	5.95
53653	HP:0000924	1.564e-08	16.29
53653	HP:0000925	0.0002135	4.2
53653	HP:0000943	1.133e-07	12.63
53653	HP:0001392	0.0001646	5.01
53653	HP:0001438	0.0001646	6.34
53653	HP:0001507	0	3.41
53653	HP:0001547	0.0001268	5.95
53653	HP:0001739	8.507e-07	10.67
53653	HP:0001939	1.183e-11	22.86
53653	HP:0001999	8.485e-07	8.6
53653	HP:0002012	0.0001646	5.01
53653	HP:0002086	8.507e-07	10.67
53653	HP:0002088	8.507e-07	10.67
53653	HP:0002205	8.507e-07	10.67
53653	HP:0002240	0.0001646	5.01
53653	HP:0002715	8.507e-07	10.67
53653	HP:0002719	0.0001285	5.15
53653	HP:0002788	8.507e-07	10.67
53653	HP:0003110	0.0009147	3.69
53653	HP:0003271	0.0001646	5.01
53653	HP:0003300	1.564e-08	16.29
53653	HP:0003312	0.0001053	6.09
53653	HP:0003468	1.564e-08	16.29
53653	HP:0003541	1.183e-11	22.86
53653	HP:0003549	0.0002533	6.34
53653	HP:0004298	0.0002533	6.34
53653	HP:0004299	0.0002533	6.34
53653	HP:0004328	0.000742	5.29
53653	HP:0004371	1.183e-11	22.86
53653	HP:0005280	0.0005522	4.86
53653	HP:0007759	0.000742	5.29
53653	HP:0007957	0.000742	5.29
53653	HP:0009121	1.564e-08	16.29
53653	HP:0010866	0.0002533	6.34
53653	HP:0010978	8.507e-07	10.67
53653	HP:0011012	1.183e-11	22.86
53653	HP:0011013	1.183e-11	22.86
53653	HP:0011277	3.954e-05	4.99
53653	HP:0011492	0.0007806	5.25
53653	HP:0011842	1.564e-08	16.29
53653	HP:0011947	8.507e-07	10.67
53653	HP:0012252	8.507e-07	10.67
53653	HP:0012372	0.000742	5.29
53653	HP:0012374	0.000742	5.29
53653	HP:0012471	0.0005541	5.58
53653	HP:0012638	0.0007103	5.34
53653	HP:0100022	0.0007103	5.34
53653	HP:0100790	0.0002533	6.34
53851	HP:0000707	0	1.51
53851	HP:0012638	0	1.72
53902	HP:0000707	0	1.31
53902	HP:0001939	0	1.74
53902	HP:0001941	0	6.53
53902	HP:0004360	0	6.19
53902	HP:0012638	0	1.49
53902	HP:0012759	0	2.51
54224	HP:0000008	0	5.38
54224	HP:0000078	0	3.05
54224	HP:0000119	0	2.1
54224	HP:0000130	0	11.14
54224	HP:0000812	0	5.24
54224	HP:0001438	0	1.95
54224	HP:0002012	0	2.33
54224	HP:0002242	0	4.66
54224	HP:0002250	0	9.88
54224	HP:0002664	0	3.71
54224	HP:0007378	0	8.56
54224	HP:0007379	0	9.27
54224	HP:0010460	0	5.02
54224	HP:0010784	0	17.13
54224	HP:0010786	0	11.27
54224	HP:0010787	0	11.57
54224	HP:0011024	0	3.27
54224	HP:0011792	0	8.14
54224	HP:0011793	0	3.92
54224	HP:0012243	0	3.26
54224	HP:0012718	0	3.53
54224	HP:0100242	0	10.87
54224	HP:0100834	0	14.81
54237	HP:0000707	0	1.51
54237	HP:0012638	0	1.72
54263	HP:0000969	0.0003543	5.11
54263	HP:0001939	0	2.01
54263	HP:0011032	0.0003543	5.11
54394	HP:0001939	0	1.74
54453	HP:0000707	0.0004327	5.4
54453	HP:0001626	1.485e-05	8.95
54453	HP:0001695	1.485e-05	8.95
54453	HP:0004372	0.0004327	5.4
54453	HP:0011025	1.485e-05	8.95
54453	HP:0011446	0.0004327	5.4
54453	HP:0011675	1.485e-05	8.95
54453	HP:0012638	0.0004327	5.4
54535	HP:0000152	0	1.97
54535	HP:0000234	0	2
54535	HP:0000271	0	2.18
54535	HP:0000478	0	2.09
54535	HP:0000924	0	1.99
54535	HP:0000925	0.0002696	5.34
54535	HP:0000951	0	2.61
54535	HP:0001574	0	2.28
54535	HP:0002808	0.0002696	5.34
54535	HP:0003011	0	2.41
54535	HP:0003330	0.000326	5.18
54535	HP:0003549	0	3.62
54535	HP:0004348	0.0007275	4.53
54535	HP:0004349	0.000326	5.18
54535	HP:0009121	0	2.54
54535	HP:0010674	0.0002696	5.34
54535	HP:0011842	0	2.05
54632	HP:0000924	0.0005199	5.74
54632	HP:0001939	6.699e-05	6.92
54632	HP:0002659	0.0005199	5.74
54632	HP:0002757	0.0005199	5.74
54632	HP:0003111	0.0004776	4.74
54632	HP:0004363	0.0001648	6.92
54632	HP:0010927	0.0001648	6.92
54632	HP:0010929	6.699e-05	6.65
54632	HP:0011843	0.0005199	5.74
54792	HP:0000707	0	1.31
54792	HP:0001252	0	3.33
54792	HP:0003011	0	2.09
54792	HP:0003808	0	3.32
54792	HP:0011804	0	2.44
54792	HP:0012638	0	1.49
55308	HP:0000152	0	1.97
55308	HP:0000234	0	2
55308	HP:0000240	0	4.18
55308	HP:0000252	0	5.1
55308	HP:0000707	0	1.51
55308	HP:0000924	0	1.99
55308	HP:0000929	0	2.95
55308	HP:0001249	0	3.88
55308	HP:0001250	0	3.45
55308	HP:0001273	9.184e-05	6.3
55308	HP:0001274	4.369e-06	9.69
55308	HP:0002011	0	2.52
55308	HP:0002060	0	17.1
55308	HP:0002126	0	17.1
55308	HP:0002269	0	8.98
55308	HP:0002363	1.014e-05	8.63
55308	HP:0002500	0.0001647	5.77
55308	HP:0002536	0	12.14
55308	HP:0002538	0	11.76
55308	HP:0002977	0	4
55308	HP:0007362	8.983e-06	8.78
55308	HP:0007364	0	4.72
55308	HP:0007370	4.369e-06	9.69
55308	HP:0009121	0	2.54
55308	HP:0010993	4.369e-06	9.69
55308	HP:0011842	0	2.05
55308	HP:0012443	0	2.83
55308	HP:0012638	0	1.72
55308	HP:0012639	0	2.23
55308	HP:0012758	0	3.91
55308	HP:0012759	0	2.89
55308	HP:0100547	0	3.64
55502	HP:0000924	0	1.72
55502	HP:0002813	0	2.6
55502	HP:0011842	0	1.78
55502	HP:0011844	0	2.58
55519	HP:0000478	6.201e-06	10.56
55519	HP:0000517	6.201e-06	10.56
55519	HP:0000539	4.112e-05	6.53
55519	HP:0000545	4.112e-05	6.53
55519	HP:0000707	0	1.85
55519	HP:0000924	0.0001587	6.64
55519	HP:0001083	6.201e-06	10.56
55519	HP:0001626	0.000685	5.23
55519	HP:0001627	0.000685	5.23
55519	HP:0001629	0.000685	5.23
55519	HP:0001671	0.000685	5.23
55519	HP:0001713	0.000685	5.23
55519	HP:0001760	0.0001587	6.64
55519	HP:0001780	0.0001587	6.64
55519	HP:0001831	0.0001587	6.64
55519	HP:0001991	0.0002151	6.32
55519	HP:0002564	0.000685	5.23
55519	HP:0002813	0.0001587	6.64
55519	HP:0002814	0.0001587	6.64
55519	HP:0004328	6.201e-06	10.56
55519	HP:0006493	0.0001587	6.64
55519	HP:0006494	0.0009595	4.93
55519	HP:0009115	0.0001587	6.64
55519	HP:0009815	0.0001587	6.64
55519	HP:0010438	0.0007685	5.12
55519	HP:0011297	0.0001587	6.64
55519	HP:0011842	0.0001587	6.64
55519	HP:0011844	0.0001587	6.64
55519	HP:0011927	0.0001587	6.64
55519	HP:0012372	6.201e-06	10.56
55519	HP:0012373	4.112e-05	6.53
55519	HP:0012374	6.201e-06	10.56
55519	HP:0012638	0	2.1
55528	HP:0000924	0.0001151	6.66
55528	HP:0000944	0.0001151	6.66
55528	HP:0002813	0.0001151	6.66
55528	HP:0005930	0.0004981	5.28
55528	HP:0011314	0.0001151	6.66
55528	HP:0011842	0.0001151	6.66
55528	HP:0011844	0.0001151	6.66
55551	HP:0001871	5.523e-07	5.63
55551	HP:0001881	1.923e-08	9.19
55551	HP:0002715	1.283e-05	4.9
55551	HP:0002846	2.224e-08	9.12
55551	HP:0004332	1.923e-08	9.19
55551	HP:0005368	7.434e-05	4.35
55551	HP:0005372	1.923e-08	9.19
55551	HP:0010701	1.923e-08	9.19
55551	HP:0010978	1.923e-08	9.19
55551	HP:0010987	0.0009088	3.38
55682	HP:0000707	0.0002892	6.49
55682	HP:0000759	0.0002892	6.49
55682	HP:0001939	0.00021	6.83
55682	HP:0001941	0.00021	6.83
55682	HP:0002151	0.00021	6.83
55682	HP:0002936	0.0002892	6.49
55682	HP:0003474	0.0002892	6.49
55682	HP:0004360	0.00021	6.83
55682	HP:0009830	0.0002892	6.49
55682	HP:0012639	0.0002892	6.49
55782	HP:0000478	5.646e-05	6.76
55782	HP:0000479	5.646e-05	6.76
55782	HP:0000512	5.646e-05	6.76
55782	HP:0000707	0	1.51
55782	HP:0000708	0	3.95
55782	HP:0000818	5.646e-05	6.76
55782	HP:0000819	0.0002126	5.55
55782	HP:0001098	5.646e-05	6.76
55782	HP:0001507	0.0001749	5.71
55782	HP:0001513	0.0001749	5.71
55782	HP:0001939	0.0002126	5.55
55782	HP:0003117	5.646e-05	6.76
55782	HP:0004323	0.0001749	5.71
55782	HP:0004324	0.0002257	5.49
55782	HP:0004329	5.646e-05	6.76
55782	HP:0007703	0.0002395	5.44
55782	HP:0008051	0.0003089	5.22
55782	HP:0011013	0.0002126	5.55
55782	HP:0011014	0.0002126	5.55
55782	HP:0012372	5.646e-05	6.76
55782	HP:0012374	5.646e-05	6.76
55782	HP:0012638	0	1.72
55857	HP:0000119	0	2.1
55879	HP:0000008	0	5.38
55879	HP:0000078	0	3.05
55879	HP:0000119	0	2.1
55879	HP:0000130	0	11.14
55879	HP:0000812	0	5.24
55879	HP:0001438	0	1.95
55879	HP:0002012	0	2.33
55879	HP:0002242	0	4.66
55879	HP:0002250	0	9.88
55879	HP:0002664	0	3.71
55879	HP:0007378	0	8.56
55879	HP:0007379	0	9.27
55879	HP:0010460	0	5.02
55879	HP:0010784	0	17.13
55879	HP:0010786	0	11.27
55879	HP:0010787	0	11.57
55879	HP:0011024	0	3.27
55879	HP:0011792	0	8.14
55879	HP:0011793	0	3.92
55879	HP:0012243	0	3.26
55879	HP:0012718	0	3.53
55879	HP:0100242	0	10.87
55879	HP:0100834	0	14.81
56067	HP:0000079	0.0002611	5.86
56067	HP:0000119	0.0002611	5.86
56067	HP:0000707	1.797e-05	8.71
56067	HP:0001254	4.112e-05	7.74
56067	HP:0001259	1.797e-05	8.71
56067	HP:0001263	0.0004217	4.42
56067	HP:0001438	0.0001582	6.35
56067	HP:0001626	0.0009081	4.36
56067	HP:0001939	3.024e-06	11.13
56067	HP:0001943	0.0001284	6.55
56067	HP:0001987	3.024e-06	11.13
56067	HP:0002011	0.0009081	4.36
56067	HP:0002013	0.0001582	6.35
56067	HP:0002017	0.00059	5.13
56067	HP:0002157	5.302e-06	10.3
56067	HP:0002597	0.0009081	4.36
56067	HP:0003011	0	2.7
56067	HP:0003110	0.0002611	5.86
56067	HP:0004337	0.0004197	5.43
56067	HP:0004354	0.0004197	5.43
56067	HP:0004360	2.789e-05	6.27
56067	HP:0004364	1.891e-05	7.91
56067	HP:0004372	0.0004327	5.4
56067	HP:0011013	0.0001284	6.55
56067	HP:0011014	0.0001284	6.55
56067	HP:0011015	0.0001819	6.21
56067	HP:0011277	0.0002611	5.86
56067	HP:0011446	1.797e-05	8.71
56067	HP:0011458	0.0001582	6.35
56067	HP:0012072	0.0002611	5.86
56067	HP:0012443	0.0009081	4.36
56067	HP:0012638	1.797e-05	8.71
56067	HP:0012639	0.0009081	4.36
56067	HP:0012758	0.0004217	4.42
56067	HP:0012759	0.0004217	4.42
56067	HP:0100659	0.0009081	4.36
56205	HP:0000707	0	1.69
56288	HP:0000707	0	1.31
56367	HP:0000951	0.0005896	4.7
56367	HP:0001574	0.0005896	4.7
56367	HP:0001626	0	2.58
56367	HP:0001627	0	3.82
56367	HP:0001646	1.249e-05	8.39
56367	HP:0001654	1.249e-05	8.39
56367	HP:0002564	0	3.89
56367	HP:0002597	0	4.45
56367	HP:0011004	0	7.34
56367	HP:0011276	0.0005896	4.7
56367	HP:0011354	0.0005896	4.7
56646	HP:0000079	1.755e-09	15.67
56646	HP:0000119	1.755e-09	15.67
56646	HP:0000707	2.221e-07	10.21
56646	HP:0001254	2.221e-07	10.21
56646	HP:0001392	0.000559	4.74
56646	HP:0001397	0.000559	4.74
56646	HP:0001438	0.000559	4.74
56646	HP:0001939	0	2.84
56646	HP:0001941	2.803e-05	6.38
56646	HP:0001943	1.325e-06	8.65
56646	HP:0001992	1.755e-09	15.67
56646	HP:0002012	0.000559	4.74
56646	HP:0003110	1.755e-09	15.67
56646	HP:0003119	3.105e-08	22.25
56646	HP:0003215	1.755e-09	15.67
56646	HP:0003234	3.105e-08	22.25
56646	HP:0003287	0.0001103	7.35
56646	HP:0004354	4.146e-05	5.39
56646	HP:0004359	3.051e-06	12.21
56646	HP:0004360	2.803e-05	6.38
56646	HP:0004372	9.387e-06	7.15
56646	HP:0010966	3.105e-08	22.25
56646	HP:0010967	3.105e-08	22.25
56646	HP:0010995	0.0008434	3.74
56646	HP:0011013	1.325e-06	8.65
56646	HP:0011014	0.000326	4.83
56646	HP:0011015	2.323e-06	8.2
56646	HP:0011017	3.105e-08	22.25
56646	HP:0011277	0.0002326	4.51
56646	HP:0011446	2.221e-07	10.21
56646	HP:0012072	6.419e-08	9.43
56646	HP:0012103	0.0001228	7.23
56646	HP:0012638	2.221e-07	10.21
57197	HP:0000152	0.0001956	4.87
57197	HP:0000234	0.0001956	4.87
57197	HP:0000271	0.0001956	4.87
57197	HP:0000284	0.0001956	4.87
57197	HP:0000315	0.0001956	4.87
57197	HP:0000316	0.0001956	4.87
57197	HP:0000478	2.903e-05	6.99
57197	HP:0000593	2.903e-05	6.99
57197	HP:0001438	0.0006688	4.49
57197	HP:0001626	0.000785	3.66
57197	HP:0001627	0.0001492	5.41
57197	HP:0001629	0.0001492	5.41
57197	HP:0001631	0.0009513	4.53
57197	HP:0001646	0.0004367	5.18
57197	HP:0001654	0.0004367	5.18
57197	HP:0001671	0.0001492	5.41
57197	HP:0001713	0.0001492	5.41
57197	HP:0002564	0.0001492	5.41
57197	HP:0003549	0.0006688	4.49
57197	HP:0004298	0.0006688	4.49
57197	HP:0004299	0.0006688	4.49
57197	HP:0004328	2.903e-05	6.99
57197	HP:0005120	0.0009513	4.53
57197	HP:0010438	0.0001492	5.41
57197	HP:0010866	0.0007024	4.47
57197	HP:0011994	0.0009513	4.53
57197	HP:0012372	2.903e-05	6.99
57197	HP:0012374	2.903e-05	6.99
57197	HP:0100790	0.0006688	4.49
57197	HP:0100886	0.0001956	4.87
57233	HP:0000014	3.399e-07	16.91
57233	HP:0000032	0.0006541	4.15
57233	HP:0000078	0.0006541	4.15
57233	HP:0000079	3.399e-07	16.91
57233	HP:0000119	3.399e-07	16.91
57233	HP:0000152	0.0002475	5.95
57233	HP:0000153	0.0002475	5.95
57233	HP:0000163	0.0002475	5.95
57233	HP:0000164	0.0002475	5.95
57233	HP:0000234	0.0002475	5.95
57233	HP:0000271	0.0002475	5.95
57233	HP:0000478	0.0001078	7.63
57233	HP:0000481	0.0001078	7.63
57233	HP:0000668	0.0005137	5.95
57233	HP:0000670	0.0002835	5.78
57233	HP:0000682	0.0002475	5.89
57233	HP:0000811	0.0007832	4.06
57233	HP:0000924	0.0003655	5.58
57233	HP:0000951	1.432e-07	18.93
57233	HP:0000962	7.787e-05	8.01
57233	HP:0000971	1.432e-07	18.93
57233	HP:0000975	1.432e-07	18.93
57233	HP:0001056	7.017e-06	11.27
57233	HP:0001072	7.787e-05	8.01
57233	HP:0001159	0.0003655	5.58
57233	HP:0001438	0.000468	6.04
57233	HP:0001574	1.432e-07	18.93
57233	HP:0001597	6.892e-07	15.4
57233	HP:0001600	0.0001613	6.24
57233	HP:0001806	6.892e-07	15.4
57233	HP:0001808	4.893e-06	11.85
57233	HP:0002012	0.000468	6.04
57233	HP:0002086	0.0001613	6.24
57233	HP:0002087	0.0001613	6.24
57233	HP:0002577	0.000468	6.04
57233	HP:0002813	0.0003655	5.58
57233	HP:0003341	3.399e-07	16.91
57233	HP:0003549	0.000697	3.87
57233	HP:0004328	0.0001078	7.63
57233	HP:0004334	0.0005137	5.95
57233	HP:0004400	0.000468	6.04
57233	HP:0006089	1.432e-07	18.93
57233	HP:0006101	0.0003655	5.58
57233	HP:0006483	0.0005137	5.95
57233	HP:0007383	1.432e-07	18.93
57233	HP:0007556	7.787e-05	8.01
57233	HP:0008065	1.432e-07	18.93
57233	HP:0008066	3.399e-07	16.91
57233	HP:0008386	0.0003449	6.35
57233	HP:0008388	0.0003449	6.35
57233	HP:0008404	0.0003089	6.47
57233	HP:0009804	0.0005137	5.95
57233	HP:0010461	0.0007362	4.09
57233	HP:0010624	0.0003449	6.35
57233	HP:0010936	3.399e-07	16.91
57233	HP:0011024	0.000468	6.04
57233	HP:0011061	0.0002475	5.89
57233	HP:0011121	3.399e-07	16.91
57233	HP:0011138	1.432e-07	18.93
57233	HP:0011297	0.0003655	5.58
57233	HP:0011354	3.399e-07	16.91
57233	HP:0011355	1.432e-07	18.93
57233	HP:0011368	7.787e-05	8.01
57233	HP:0011495	0.0001078	7.63
57233	HP:0011842	0.0003655	5.58
57233	HP:0011844	0.0003655	5.58
57233	HP:0012243	0.0006541	4.15
57233	HP:0012252	0.0001613	6.24
57233	HP:0012372	0.0001078	7.63
57233	HP:0012374	0.0001078	7.63
57233	HP:0012718	0.000468	6.04
57233	HP:0100577	3.399e-07	16.91
57233	HP:0100640	0.0002751	5.32
57233	HP:0200020	0.0001078	7.63
57363	HP:0001438	0	2.25
57363	HP:0001939	0	2.01
57363	HP:0008872	0.0005633	4.74
57363	HP:0011458	0	3.87
57363	HP:0011968	0.0005633	4.74
57425	HP:0002715	4.576e-06	12.31
57425	HP:0002718	4.576e-06	12.31
57425	HP:0002719	4.576e-06	12.31
57425	HP:0004431	4.576e-06	12.31
57425	HP:0005339	1.355e-05	10.59
57425	HP:0005368	4.576e-06	12.31
57425	HP:0005420	6.017e-05	8.55
57425	HP:0005430	4.576e-06	12.31
57425	HP:0010978	4.576e-06	12.31
57441	HP:0000152	0.0006077	5.67
57441	HP:0000153	0.0006077	5.67
57441	HP:0000163	0.0006077	5.67
57441	HP:0000168	0.0006077	5.67
57441	HP:0000234	0.0006077	5.67
57441	HP:0000271	0.0006077	5.67
57507	HP:0000152	3.26e-05	7.63
57507	HP:0000234	3.26e-05	7.63
57507	HP:0000271	3.26e-05	7.63
57507	HP:0000284	0.0009267	5.37
57507	HP:0000315	0.0009267	5.37
57507	HP:0000324	3.26e-05	7.63
57507	HP:0000478	0.0009267	5.37
57507	HP:0000568	0.0009267	5.37
57507	HP:0000598	0.000952	3.49
57507	HP:0000924	1.504e-05	7.81
57507	HP:0001155	0.0003888	4.13
57507	HP:0001167	9.22e-05	7.81
57507	HP:0001999	3.26e-05	7.63
57507	HP:0002813	1.504e-05	7.81
57507	HP:0002817	9.22e-05	7.81
57507	HP:0005918	9.22e-05	7.81
57507	HP:0008056	0.0009267	5.37
57507	HP:0009833	9.22e-05	7.81
57507	HP:0011297	1.504e-05	5.08
57507	HP:0011842	1.504e-05	7.81
57507	HP:0011844	3.456e-05	4.3
57507	HP:0012372	0.0009267	5.37
57507	HP:0012374	0.0009267	5.37
57507	HP:0100887	0.0009267	5.37
57528	HP:0000818	0	3.47
57528	HP:0001939	0	1.74
57536	HP:0002715	4.185e-07	16.75
57536	HP:0002718	4.185e-07	16.75
57536	HP:0002719	4.185e-07	16.75
57536	HP:0005381	4.185e-07	16.75
57536	HP:0005420	4.185e-07	16.75
57536	HP:0005430	2.016e-06	13.61
57536	HP:0010978	4.185e-07	16.75
57582	HP:0000152	0.0001752	4.99
57582	HP:0000234	0.0001752	4.99
57582	HP:0000277	0.0004379	4.4
57582	HP:0000478	2.201e-06	11.62
57582	HP:0000517	2.201e-06	11.62
57582	HP:0000539	0.0004824	5.31
57582	HP:0000545	0.0004824	5.31
57582	HP:0000924	0	2.23
57582	HP:0000929	0.0001752	4.99
57582	HP:0001083	2.201e-06	11.62
57582	HP:0001626	3.326e-05	7.74
57582	HP:0001627	3.326e-05	7.74
57582	HP:0001629	0.0002721	5.83
57582	HP:0001631	0.0002839	5.79
57582	HP:0001633	4.112e-05	7.74
57582	HP:0001646	5.47e-05	7.42
57582	HP:0001654	5.47e-05	7.42
57582	HP:0001671	3.326e-05	6.14
57582	HP:0001713	0.0002721	5.83
57582	HP:0002086	5.11e-05	7.5
57582	HP:0002087	0.0006708	5.02
57582	HP:0002564	3.326e-05	7.74
57582	HP:0002778	5.11e-05	7.5
57582	HP:0004328	2.201e-06	11.62
57582	HP:0005120	0.0002839	5.79
57582	HP:0005607	0.0001658	6.3
57582	HP:0006705	4.112e-05	7.74
57582	HP:0009115	0	4.82
57582	HP:0009116	0.0002568	4.74
57582	HP:0009118	0.0001752	4.99
57582	HP:0009121	0.0001752	4.99
57582	HP:0009122	0.0001752	4.99
57582	HP:0010438	0.0002721	5.83
57582	HP:0011821	0.0008579	3.98
57582	HP:0011842	0	2.3
57582	HP:0011994	0.0002839	5.79
57582	HP:0012252	5.11e-05	7.5
57582	HP:0012372	2.201e-06	11.62
57582	HP:0012373	0.0004824	5.31
57582	HP:0012374	2.201e-06	11.62
57587	HP:0001438	0.000695	4.7
57587	HP:0001743	0.000695	4.7
57587	HP:0001744	0.000695	4.7
57587	HP:0001871	2.775e-05	7.18
57587	HP:0001881	0.0002447	4.77
57587	HP:0002012	0.000695	4.7
57587	HP:0002715	1.883e-07	9.88
57587	HP:0002733	1.883e-07	9.88
57587	HP:0002846	2.945e-05	7.13
57587	HP:0003271	0.000695	4.7
57587	HP:0004332	2.775e-05	7.18
57587	HP:0005368	2.775e-05	7.18
57587	HP:0005372	2.775e-05	7.18
57587	HP:0010701	2.775e-05	7.18
57587	HP:0010978	2.775e-05	7.18
57587	HP:0010987	0.0002447	4.77
57587	HP:0100763	0.0002123	4.86
57631	HP:0000008	0.0003737	5.96
57631	HP:0000078	0.0003737	5.96
57631	HP:0000119	0.0003737	5.96
57631	HP:0000140	0.0003737	5.96
57631	HP:0000707	0.000119	5.25
57631	HP:0000812	0.0003737	5.96
57631	HP:0000818	0.0003737	5.96
57631	HP:0000924	2.522e-07	11.59
57631	HP:0000951	0.0009366	5.09
57631	HP:0001367	2.522e-07	11.59
57631	HP:0001574	0.0009366	5.09
57631	HP:0001626	0	3.42
57631	HP:0001871	0.0008474	3.56
57631	HP:0001892	2.106e-07	7.9
57631	HP:0001928	4.224e-09	10.73
57631	HP:0001977	9.184e-05	5.92
57631	HP:0002011	0.000119	5.25
57631	HP:0002086	1.494e-06	11.19
57631	HP:0002088	1.494e-06	11.19
57631	HP:0002204	1.494e-06	11.19
57631	HP:0002597	0.000119	5.25
57631	HP:0002625	1.638e-10	25.92
57631	HP:0003256	3.364e-12	18.22
57631	HP:0004936	1.03e-07	13.38
57631	HP:0005261	2.522e-07	11.59
57631	HP:0008065	0.0009366	5.09
57631	HP:0008373	0.0003737	5.96
57631	HP:0010460	0.0003737	5.96
57631	HP:0011025	2.522e-07	11.59
57631	HP:0011028	3.541e-07	9.33
57631	HP:0011029	2.522e-07	11.59
57631	HP:0011355	0.0009366	5.09
57631	HP:0011842	2.522e-07	11.59
57631	HP:0012243	0.0003737	5.96
57631	HP:0012252	1.494e-06	11.19
57631	HP:0012443	0.000119	5.25
57631	HP:0012639	0.000119	5.25
57631	HP:0100659	0.000119	5.25
57668	HP:0000707	0.00097	4.86
57668	HP:0000924	0.000293	4.88
57668	HP:0001155	0.0008239	4.06
57668	HP:0001167	0.0009275	3.82
57668	HP:0001438	0.0005925	5.55
57668	HP:0002012	0.0005925	5.55
57668	HP:0002023	0.0005925	5.55
57668	HP:0002270	0.00097	4.86
57668	HP:0002813	0.000293	4.88
57668	HP:0002817	0.0006874	4.88
57668	HP:0004275	0.0008239	4.06
57668	HP:0004378	0.0005925	5.55
57668	HP:0005918	0.0009275	3.82
57668	HP:0009142	0.0006874	4.88
57668	HP:0009997	0.0009275	3.82
57668	HP:0010442	0.000293	4.21
57668	HP:0011024	0.0005925	5.55
57668	HP:0011297	0.000293	4.21
57668	HP:0011842	0.000293	4.88
57668	HP:0011844	0.000293	4.88
57668	HP:0012331	0.00097	4.86
57668	HP:0012639	0.00097	4.86
57668	HP:0012718	0.0005925	5.55
57668	HP:0012732	0.0005925	5.55
57717	HP:0000598	0	3.53
57717	HP:0000707	0	1.85
57717	HP:0000924	0	2.44
57717	HP:0001155	0.0009366	3.68
57717	HP:0001167	0.0002775	4.32
57717	HP:0001626	0.0001651	5.49
57717	HP:0001627	0.0001651	5.49
57717	HP:0001629	0.000685	5.23
57717	HP:0001671	0.0001651	5.49
57717	HP:0001713	0.000685	5.23
57717	HP:0002564	0.0001651	5.49
57717	HP:0002813	0.0002775	5.02
57717	HP:0002817	0.0002775	5.02
57717	HP:0004097	0.0008619	5.02
57717	HP:0004207	0.0008619	5.02
57717	HP:0004209	0.0008619	5.02
57717	HP:0009179	0.0008619	5.02
57717	HP:0009466	0.0008619	5.02
57717	HP:0009484	0.0008619	5.02
57717	HP:0009485	0.0008619	5.02
57717	HP:0010438	0.000685	5.23
57717	HP:0011297	0.0006845	3.85
57717	HP:0011842	0	2.52
57717	HP:0011844	0.0002775	5.02
57721	HP:0000008	0.0001261	7.45
57721	HP:0000078	0.0001261	7.45
57721	HP:0000080	0.0007289	5.6
57721	HP:0000119	0.0001261	7.45
57721	HP:0000140	0.0001261	7.45
57721	HP:0000141	0.0003843	6.25
57721	HP:0000144	0.0007289	5.6
57721	HP:0000786	0.0001261	7.45
57721	HP:0000812	0.0001261	7.45
57721	HP:0000818	1.325e-05	5.13
57721	HP:0008373	0.0001261	7.45
57721	HP:0010460	0.0001261	7.45
57721	HP:0012243	0.0001261	7.45
57736	HP:0000951	0.0001505	6.4
57736	HP:0000962	0.0008986	4.77
57736	HP:0000982	0.0001505	6.4
57736	HP:0001072	0.0001505	6.4
57736	HP:0001574	0.0001505	6.4
57736	HP:0001626	8.01e-06	7.26
57736	HP:0001627	8.01e-06	7.26
57736	HP:0001637	3.817e-05	6.04
57736	HP:0001638	3.215e-05	6.16
57736	HP:0001639	8.01e-06	7.26
57736	HP:0001871	0.000219	6.03
57736	HP:0001874	0.000219	6.03
57736	HP:0001881	0.0003089	4.62
57736	HP:0001911	0.0003196	5.68
57736	HP:0002564	8.01e-06	7.26
57736	HP:0002715	0.000219	6.03
57736	HP:0003011	5.926e-06	7.51
57736	HP:0003198	5.926e-06	7.51
57736	HP:0003549	9.774e-06	9.48
57736	HP:0009124	9.774e-06	9.48
57736	HP:0009125	1.218e-05	9.2
57736	HP:0010974	0.000219	6.03
57736	HP:0010987	0.0003089	4.62
57736	HP:0011121	0.0001505	6.4
57736	HP:0011354	0.0001505	6.4
57736	HP:0011368	0.0001505	6.4
57736	HP:0011805	5.926e-06	7.51
57736	HP:0100578	9.774e-06	9.48
57890	HP:0000152	0.0001359	7.12
57890	HP:0000234	0.0001502	7.02
57890	HP:0000464	0.0001359	7.12
57890	HP:0000465	0.0001359	7.12
57890	HP:0000707	3.061e-05	8.86
57890	HP:0000924	3.061e-05	8.86
57890	HP:0000925	3.061e-05	8.86
57890	HP:0000951	0.0004564	5.87
57890	HP:0000953	0.0004564	5.87
57890	HP:0001000	0.0004564	5.87
57890	HP:0001574	0.0001502	7.02
57890	HP:0001595	0.0001502	7.02
57890	HP:0001965	0.0001502	7.02
57890	HP:0002011	3.061e-05	8.86
57890	HP:0002143	3.061e-05	8.86
57890	HP:0002162	0.0001502	7.02
57890	HP:0002414	0.00059	5.62
57890	HP:0003298	3.061e-05	8.86
57890	HP:0007400	0.0004564	5.87
57890	HP:0009121	3.061e-05	8.86
57890	HP:0009553	0.0004885	5.8
57890	HP:0010301	0.0006285	5.56
57890	HP:0010720	0.0007024	5.45
57890	HP:0011121	0.0004564	5.87
57890	HP:0011138	0.0001502	7.02
57890	HP:0011354	0.0004564	5.87
57890	HP:0011361	0.00059	5.62
57890	HP:0011842	3.061e-05	8.86
57890	HP:0012639	3.061e-05	8.86
57890	HP:0100037	0.0001502	7.02
57904	HP:0000707	0	1.51
57904	HP:0012638	0	1.72
57911	HP:0000818	0.0004394	5.53
57911	HP:0000820	0.0006285	3.7
57911	HP:0000821	0.0004394	5.53
57911	HP:0000924	4.552e-05	8.76
57911	HP:0001155	4.552e-05	8.76
57911	HP:0001176	4.552e-05	8.76
57911	HP:0001574	0.000504	4.23
57911	HP:0001595	0.000504	4.23
57911	HP:0001871	0.0001305	7.51
57911	HP:0001881	0.0001305	7.51
57911	HP:0001909	0.0001305	7.51
57911	HP:0002488	0.0001305	7.51
57911	HP:0002664	0.0006661	4.11
57911	HP:0002715	0.0001305	7.51
57911	HP:0002813	4.552e-05	8.76
57911	HP:0002817	4.552e-05	8.76
57911	HP:0002926	0.0004394	5.53
57911	HP:0004377	0.0001305	7.51
57911	HP:0004808	0.0001305	7.51
57911	HP:0005922	4.552e-05	8.76
57911	HP:0010987	0.0001305	7.51
57911	HP:0011138	0.000504	4.23
57911	HP:0011793	0.0003513	4.4
57911	HP:0011842	4.552e-05	8.76
57911	HP:0011844	4.552e-05	8.76
57998	HP:0000152	1.118e-06	13.97
57998	HP:0000211	1.118e-06	13.97
57998	HP:0000234	1.118e-06	13.97
57998	HP:0000271	0.0006661	5.24
57998	HP:0000275	0.0006661	4.6
57998	HP:0000277	1.118e-06	13.97
57998	HP:0000303	0.0008776	5.24
57998	HP:0000306	0.0008776	5.24
57998	HP:0000924	1.539e-07	18.12
57998	HP:0000929	1.118e-06	13.97
57998	HP:0001367	1.539e-07	18.12
57998	HP:0001371	1.539e-07	18.12
57998	HP:0001373	3.092e-05	7.3
57998	HP:0001384	3.598e-05	7.17
57998	HP:0001626	9.943e-05	7.47
57998	HP:0001627	9.943e-05	7.47
57998	HP:0001637	9.943e-05	7.47
57998	HP:0001638	9.943e-05	7.47
57998	HP:0001644	9.943e-05	7.47
57998	HP:0001760	5.25e-06	11.34
57998	HP:0001832	5.25e-06	11.34
57998	HP:0001840	5.25e-06	11.34
57998	HP:0001999	0.0006661	4.6
57998	HP:0002564	9.943e-05	7.47
57998	HP:0002644	9.064e-06	8.45
57998	HP:0002803	1.539e-07	18.12
57998	HP:0002813	5.25e-06	11.34
57998	HP:0002814	5.25e-06	11.34
57998	HP:0002827	9.064e-06	8.45
57998	HP:0003011	1.539e-07	18.12
57998	HP:0003272	9.064e-06	8.45
57998	HP:0003549	1.539e-07	18.12
57998	HP:0004303	1.118e-06	13.97
57998	HP:0005684	1.539e-07	18.12
57998	HP:0009121	1.118e-06	13.97
57998	HP:0011729	1.539e-07	18.12
57998	HP:0011805	9.791e-05	4.34
57998	HP:0011821	1.118e-06	13.97
57998	HP:0011842	1.539e-07	18.12
57998	HP:0011844	5.25e-06	11.34
57998	HP:0100299	1.118e-06	13.97
57998	HP:0100491	9.064e-06	8.45
58114	HP:0001939	0	1.74
58114	HP:0003119	0	8.56
63381	HP:0000152	0	1.71
63381	HP:0000234	0	1.74
63381	HP:0000707	0	1.31
63381	HP:0000924	0	1.72
63381	HP:0000929	0	2.55
63381	HP:0009121	0	2.2
63381	HP:0011842	0	1.78
63427	HP:0000924	0.0001151	6.66
63427	HP:0000944	0.0001151	6.66
63427	HP:0002813	0.0001151	6.66
63427	HP:0005930	0.0004981	5.28
63427	HP:0011314	0.0001151	6.66
63427	HP:0011842	0.0001151	6.66
63427	HP:0011844	0.0001151	6.66
63452	HP:0001626	0	2.24
63452	HP:0003011	0	2.09
63452	HP:0003549	0	3.14
63452	HP:0011804	0	2.44
63452	HP:0011805	0	3.17
63713	HP:0000707	0	2.38
63713	HP:0000759	2.958e-08	22.98
63713	HP:0000924	4.211e-06	9.58
63713	HP:0001197	4.899e-06	9.41
63713	HP:0001324	2.958e-08	22.98
63713	HP:0001367	4.211e-06	9.58
63713	HP:0001371	4.211e-06	9.58
63713	HP:0001557	2.632e-05	7.74
63713	HP:0001558	4.899e-06	9.41
63713	HP:0001608	4.576e-06	11.85
63713	HP:0001612	4.576e-06	11.85
63713	HP:0002086	2.958e-08	22.98
63713	HP:0002088	2.958e-08	22.98
63713	HP:0002093	2.958e-08	22.98
63713	HP:0002374	2.304e-05	7.7
63713	HP:0002747	2.958e-08	22.98
63713	HP:0002795	2.958e-08	22.98
63713	HP:0002803	1.68e-05	8.16
63713	HP:0002804	4.211e-06	9.58
63713	HP:0003011	2.958e-08	22.98
63713	HP:0003324	8.435e-05	7.85
63713	HP:0003388	2.51e-05	9.36
63713	HP:0003391	2.364e-05	9.44
63713	HP:0003398	4.576e-06	11.85
63713	HP:0003436	2.958e-08	22.98
63713	HP:0003443	2.187e-07	17.75
63713	HP:0003473	4.576e-06	11.85
63713	HP:0003549	4.211e-06	9.58
63713	HP:0003701	2.364e-05	9.44
63713	HP:0004302	0.0001482	5.1
63713	HP:0004303	1.358e-06	13.96
63713	HP:0004347	2.958e-08	22.98
63713	HP:0004889	2.958e-08	22.98
63713	HP:0011729	4.211e-06	9.58
63713	HP:0011804	2.958e-08	22.98
63713	HP:0011805	1.358e-06	13.96
63713	HP:0011842	4.211e-06	9.58
63713	HP:0012252	2.958e-08	22.98
63713	HP:0012638	0	2.72
63713	HP:0012639	2.958e-08	22.98
63713	HP:0100022	2.304e-05	7.7
63713	HP:0100295	1.358e-06	13.96
63826	HP:0000478	0.0009476	3.67
63826	HP:0004328	0.0009476	3.67
63826	HP:0012372	0.0009476	3.67
63826	HP:0012374	0.0009476	3.67
64269	HP:0000152	0	1.97
64269	HP:0000153	0	2.98
64269	HP:0000163	0	3.37
64269	HP:0000234	0	2
64269	HP:0000245	2.375e-06	10.51
64269	HP:0000246	2.375e-06	10.51
64269	HP:0000271	0	2.18
64269	HP:0000478	0	2.09
64269	HP:0000924	0	1.99
64269	HP:0000929	0	2.95
64269	HP:0000951	0.0005896	4.7
64269	HP:0001438	0.0004885	4.85
64269	HP:0001574	0.0005896	4.7
64269	HP:0001743	0.0009397	4.33
64269	HP:0001744	0.0004885	4.85
64269	HP:0001939	9.94e-05	6.23
64269	HP:0002012	0.0004885	4.85
64269	HP:0002086	0.0003945	5.03
64269	HP:0002088	0.0003945	5.03
64269	HP:0002205	0.0003945	5.03
64269	HP:0002715	1.428e-05	8.23
64269	HP:0002716	1.428e-05	8.23
64269	HP:0002719	0.0003945	5.03
64269	HP:0002733	1.974e-05	7.86
64269	HP:0003271	0.0004885	4.85
64269	HP:0004370	9.94e-05	6.23
64269	HP:0009121	0	2.54
64269	HP:0010978	0.0003945	5.03
64269	HP:0011276	0.0005896	4.7
64269	HP:0011354	0.0005896	4.7
64269	HP:0011821	0	4.67
64269	HP:0011842	0	2.05
64269	HP:0011947	0.0004784	4.87
64269	HP:0012252	0.0003945	5.03
64269	HP:0012373	0	2.72
64269	HP:0100763	1.428e-05	8.23
64422	HP:0000152	0	1.71
64422	HP:0000153	0	2.58
64422	HP:0000234	0	1.74
64422	HP:0000271	0	1.89
64422	HP:0000284	0	3.14
64422	HP:0000290	0	4.56
64422	HP:0000478	0	1.81
64422	HP:0000924	0	1.72
64422	HP:0000925	0	3.36
64422	HP:0000929	0	2.55
64422	HP:0001155	0	3.31
64422	HP:0001167	0	3.82
64422	HP:0001252	0	3.33
64422	HP:0001438	0	1.95
64422	HP:0001507	0	2.23
64422	HP:0002012	0	2.33
64422	HP:0002086	0	2.75
64422	HP:0002795	0	3.98
64422	HP:0002813	0	2.6
64422	HP:0002814	0	3.18
64422	HP:0002817	0	3.23
64422	HP:0003011	0	2.09
64422	HP:0003808	0	3.32
64422	HP:0005918	0	4.85
64422	HP:0009121	0	2.2
64422	HP:0011297	0	3.44
64422	HP:0011804	0	2.44
64422	HP:0011842	0	1.78
64422	HP:0011844	0	2.58
64422	HP:0012372	0	2.24
64422	HP:0012374	0	2.3
64594	HP:0000152	3.669e-07	13.5
64594	HP:0000153	3.669e-07	13.5
64594	HP:0000163	3.669e-07	13.5
64594	HP:0000164	3.848e-05	9.27
64594	HP:0000234	3.669e-07	13.5
64594	HP:0000271	3.669e-07	13.5
64594	HP:0000478	3.95e-07	10.05
64594	HP:0000481	3.95e-07	10.05
64594	HP:0000517	0.0004299	4.4
64594	HP:0000518	0.0004299	4.4
64594	HP:0000695	3.848e-05	9.27
64594	HP:0000924	3.316e-13	18.01
64594	HP:0000951	3.316e-13	18.01
64594	HP:0000962	3.336e-12	10.67
64594	HP:0000972	3.316e-13	18.01
64594	HP:0001072	4.868e-10	8.74
64594	HP:0001131	3.95e-07	10.05
64594	HP:0001155	3.316e-13	18.01
64594	HP:0001574	3.316e-13	18.01
64594	HP:0001595	2.483e-07	8.32
64594	HP:0001596	2.483e-07	8.32
64594	HP:0001597	0.0005056	3.61
64594	HP:0001600	0.0003645	5.92
64594	HP:0001601	0.0003645	5.92
64594	HP:0002086	0.0003645	5.92
64594	HP:0002087	0.0003645	5.92
64594	HP:0002664	0.0001259	5.1
64594	HP:0002745	3.669e-07	13.5
64594	HP:0002813	3.316e-13	18.01
64594	HP:0002817	3.316e-13	18.01
64594	HP:0004328	3.95e-07	10.05
64594	HP:0006288	0.0001974	7.26
64594	HP:0006292	3.848e-05	9.27
64594	HP:0007431	1.602e-06	14.41
64594	HP:0007475	1.602e-06	14.41
64594	HP:0007556	0.0003995	4.3
64594	HP:0008064	1.602e-06	14.41
64594	HP:0008066	4.211e-06	6.29
64594	HP:0008069	0.0001259	5.1
64594	HP:0010765	0.0001127	4.85
64594	HP:0011121	3.316e-13	18.01
64594	HP:0011138	0.0004197	3.44
64594	HP:0011354	3.316e-13	18.01
64594	HP:0011356	0.0004203	4.34
64594	HP:0011362	2.483e-07	8.32
64594	HP:0011368	9.368e-11	9.35
64594	HP:0011793	0.0001259	5.1
64594	HP:0011830	3.669e-07	13.5
64594	HP:0011842	3.316e-13	18.01
64594	HP:0011844	3.316e-13	18.01
64594	HP:0012252	0.0003645	5.92
64594	HP:0012372	3.95e-07	10.05
64594	HP:0012374	3.95e-07	10.05
64594	HP:0100871	1.729e-05	4.67
64594	HP:0100872	1.199e-10	13.09
69180	HP:0000951	0.0005199	5.74
69180	HP:0000978	0.0005199	5.74
69180	HP:0001574	0.0005199	5.74
69180	HP:0001871	5.25e-06	11.34
69180	HP:0001872	5.25e-06	11.34
69180	HP:0001892	0.0005199	5.74
69180	HP:0001933	0.0005199	5.74
69180	HP:0003010	5.25e-06	11.34
69180	HP:0011276	0.0005199	5.74
69180	HP:0011354	0.0005199	5.74
69250	HP:0000152	0.0007515	4.92
69250	HP:0000234	0.0007515	4.92
69250	HP:0000271	0.0007515	4.92
69250	HP:0000272	0.0007515	4.92
69250	HP:0000309	0.0007515	4.92
69250	HP:0001871	0.0003089	4.62
69250	HP:0001881	0.0003089	4.62
69250	HP:0001999	0.0007515	4.92
69250	HP:0002715	0.0003089	4.62
69250	HP:0005557	0.0009476	4.72
69250	HP:0010987	0.0003089	4.62
69250	HP:0012369	0.0008474	4.82
69688	HP:0000152	0	1.71
69688	HP:0000153	0	2.58
69688	HP:0000163	0	2.91
69688	HP:0000234	0	1.74
69688	HP:0000271	0	1.89
69688	HP:0001438	0	1.95
69688	HP:0001871	0	2.89
69688	HP:0002012	0	2.33
69688	HP:0011024	0	3.27
69912	HP:0000079	2.591e-06	11.36
69912	HP:0000119	2.591e-06	11.36
69912	HP:0001939	1.63e-06	11.36
69912	HP:0003110	2.591e-06	11.36
69912	HP:0003111	3.887e-06	7.88
69912	HP:0004363	1.485e-05	8.95
69912	HP:0010927	1.485e-05	8.95
69912	HP:0010929	1.63e-06	8.68
69912	HP:0011277	2.591e-06	11.36
69912	HP:0012591	2.591e-06	11.36
69940	HP:0000152	0	1.71
69940	HP:0000153	0	2.58
69940	HP:0000163	0	2.91
69940	HP:0000234	0	1.74
69940	HP:0000271	0	1.89
69940	HP:0001438	0	1.95
69940	HP:0001871	0	2.89
69940	HP:0002012	0	2.33
69940	HP:0011024	0	3.27
74771	HP:0000152	0	1.71
74771	HP:0000234	0	1.74
74771	HP:0000240	0	3.62
74771	HP:0000252	0	4.42
74771	HP:0000271	0	1.89
74771	HP:0000366	0	3.01
74771	HP:0000422	0	4.06
74771	HP:0000431	0	6.3
74771	HP:0000707	0	1.31
74771	HP:0000924	0	1.72
74771	HP:0000929	0	2.55
74771	HP:0001249	0	3.36
74771	HP:0001367	0	3.05
74771	HP:0002011	0	2.18
74771	HP:0002060	0	4.42
74771	HP:0002813	0	2.6
74771	HP:0002814	0	3.18
74771	HP:0002977	0	3.46
74771	HP:0007364	0	4.08
74771	HP:0009121	0	2.2
74771	HP:0011842	0	1.78
74771	HP:0011844	0	2.58
74771	HP:0012443	0	2.45
74771	HP:0012638	0	1.49
74771	HP:0012639	0	1.93
74771	HP:0012758	0	3.39
74771	HP:0012759	0	2.51
74771	HP:0100547	0	3.15
75142	HP:0000818	7.803e-05	8.06
75142	HP:0000864	7.803e-05	8.06
75142	HP:0010514	7.803e-05	8.06
75142	HP:0011747	7.803e-05	8.06
75142	HP:0012503	7.803e-05	8.06
75400	HP:0000152	0	1.71
75400	HP:0000153	0	2.58
75400	HP:0000234	0	1.74
75400	HP:0000271	0	1.89
75400	HP:0000924	0	1.72
75400	HP:0000951	0	2.26
75400	HP:0001155	0	3.31
75400	HP:0001438	0	1.95
75400	HP:0001507	0	2.23
75400	HP:0001574	0	1.97
75400	HP:0002813	0	2.6
75400	HP:0002817	0	3.23
75400	HP:0011121	0	3.52
75400	HP:0011138	0	3.28
75400	HP:0011354	0	2.61
75400	HP:0011842	0	1.78
75400	HP:0011844	0	2.58
75521	HP:0000924	0	1.99
75521	HP:0011842	0	2.05
75554	HP:0000152	0	1.71
75554	HP:0000234	0	1.74
75554	HP:0000271	0	1.89
75554	HP:0000284	0	3.14
75554	HP:0000359	0	4.06
75554	HP:0000364	0	3.19
75554	HP:0000365	0	3.25
75554	HP:0000407	0	4.19
75554	HP:0000478	0	1.81
75554	HP:0000492	0	3.95
75554	HP:0000499	0	8.96
75554	HP:0000598	0	2.5
75554	HP:0000606	0	3.64
75554	HP:0000924	0	1.72
75554	HP:0000925	0	3.36
75554	HP:0000969	0	6.07
75554	HP:0001574	0	1.97
75554	HP:0001595	0	3.8
75554	HP:0001626	0	2.24
75554	HP:0001627	0	3.31
75554	HP:0001939	0	1.74
75554	HP:0002564	0	3.37
75554	HP:0003011	0	2.09
75554	HP:0009121	0	2.2
75554	HP:0011032	0	5.45
75554	HP:0011138	0	3.28
75554	HP:0011389	0	4.08
75554	HP:0011804	0	2.44
75554	HP:0011842	0	1.78
75554	HP:0012372	0	2.24
75554	HP:0012374	0	2.3
75585	HP:0000077	0.0004868	4.02
75585	HP:0000079	2.307e-09	13.39
75585	HP:0000083	2.47e-07	8.85
75585	HP:0000119	2.307e-09	13.39
75585	HP:0000478	6.224e-12	34.35
75585	HP:0000481	6.201e-06	10.56
75585	HP:0000517	0.0001071	4.83
75585	HP:0000518	8.61e-05	4.96
75585	HP:0000790	2.307e-09	13.39
75585	HP:0001142	6.224e-12	34.35
75585	HP:0001626	0.000359	4.18
75585	HP:0001939	2.307e-09	13.39
75585	HP:0003110	2.591e-05	5.64
75585	HP:0004328	0.0009476	3.67
75585	HP:0010935	0.0006845	3.85
75585	HP:0011025	0.000359	4.18
75585	HP:0011277	0.0002123	4.46
75585	HP:0011495	6.201e-06	10.56
75585	HP:0011501	6.224e-12	34.35
75585	HP:0011526	5.137e-08	12.56
75585	HP:0012211	9.492e-06	6.25
75585	HP:0012372	6.224e-12	34.35
75585	HP:0012374	6.224e-12	34.35
75585	HP:0012614	2.307e-09	13.39
75585	HP:0200020	6.201e-06	10.56
81268	HP:0000032	1.665e-06	5.93
81268	HP:0000035	2.341e-07	6.63
81268	HP:0000078	2.341e-07	6.63
81268	HP:0000119	2.341e-07	6.63
81268	HP:0000152	1.115e-06	5.48
81268	HP:0000153	0.0002366	4.18
81268	HP:0000163	0.0002366	4.18
81268	HP:0000234	1.115e-06	5.48
81268	HP:0000240	0.0001682	4.81
81268	HP:0000252	0.0001682	4.81
81268	HP:0000271	1.115e-06	5.48
81268	HP:0000284	0.000674	5.3
81268	HP:0000366	1.115e-06	5.48
81268	HP:0000492	0.000674	5.3
81268	HP:0000581	0.000674	5.3
81268	HP:0000606	0.000674	5.3
81268	HP:0000707	0.0001682	4.81
81268	HP:0000811	2.366e-06	5.8
81268	HP:0000818	0.0007289	4.01
81268	HP:0000924	4.166e-05	5.85
81268	HP:0000927	0.0002277	5.35
81268	HP:0000929	0.0001682	4.81
81268	HP:0000951	0.000326	6.2
81268	HP:0001029	0.000326	6.2
81268	HP:0001155	4.166e-05	5.42
81268	HP:0001167	4.166e-05	5.42
81268	HP:0001507	0.0002721	3.81
81268	HP:0001510	5.375e-05	4.66
81268	HP:0001511	5.375e-05	4.66
81268	HP:0001574	0.000194	3.72
81268	HP:0001595	2.194e-06	5.83
81268	HP:0002011	0.0001682	4.81
81268	HP:0002060	0.0001682	4.81
81268	HP:0002715	1.36e-05	5.41
81268	HP:0002750	9.943e-05	5.85
81268	HP:0002813	4.166e-05	5.42
81268	HP:0002817	4.166e-05	5.42
81268	HP:0002977	0.0001682	4.81
81268	HP:0003330	0.0006258	4.53
81268	HP:0003549	0.0005033	4.03
81268	HP:0004348	0.0006258	4.53
81268	HP:0005918	4.166e-05	5.42
81268	HP:0007364	0.0004883	4.32
81268	HP:0008050	0.000674	5.3
81268	HP:0009121	0.0001682	4.81
81268	HP:0010461	2.11e-06	5.84
81268	HP:0010978	1.36e-05	5.41
81268	HP:0011121	0.000326	6.2
81268	HP:0011138	2.194e-06	5.83
81268	HP:0011297	4.166e-05	5.42
81268	HP:0011354	0.000326	6.2
81268	HP:0011842	4.166e-05	5.42
81268	HP:0011843	9.943e-05	5.85
81268	HP:0011844	4.166e-05	5.42
81268	HP:0012243	3.767e-05	4.83
81268	HP:0012443	0.0001682	4.81
81268	HP:0012639	0.0001682	4.81
81268	HP:0100547	0.0001682	4.81
81268	HP:0200007	0.000674	5.3
81269	HP:0000032	0.0003843	5.39
81269	HP:0000036	0.0003843	5.39
81269	HP:0000055	2.333e-05	7.73
81269	HP:0000078	2.187e-07	13.02
81269	HP:0000079	0.0003843	5.39
81269	HP:0000119	2.187e-07	13.02
81269	HP:0000478	0.0003091	5.81
81269	HP:0000479	0.0005253	5.81
81269	HP:0000496	0.0004535	4.01
81269	HP:0000510	0.0005253	5.81
81269	HP:0000639	0.0003091	4.58
81269	HP:0000707	0	2.26
81269	HP:0000759	0.0007878	5.41
81269	HP:0000795	0.0003843	5.39
81269	HP:0000811	2.187e-07	13.02
81269	HP:0000924	0.0003563	6.2
81269	HP:0001098	0.0005253	5.81
81269	HP:0001252	0.0007878	5.41
81269	HP:0001276	0.0001817	4.86
81269	HP:0001291	0.0007878	5.41
81269	HP:0001319	0.0007878	5.41
81269	HP:0001324	1.777e-05	5.48
81269	HP:0001347	4.079e-05	5.66
81269	HP:0001438	0.000889	4.36
81269	HP:0002011	0	3.78
81269	HP:0003011	0	3.62
81269	HP:0003330	0.0003563	6.2
81269	HP:0003336	0.0003563	6.2
81269	HP:0003808	0.0007878	5.41
81269	HP:0004329	0.0005253	5.81
81269	HP:0005930	0.0005936	5.05
81269	HP:0007256	4.079e-05	7.51
81269	HP:0007703	0.0005253	5.81
81269	HP:0008051	0.0005253	5.81
81269	HP:0010458	2.187e-07	13.02
81269	HP:0010460	2.187e-07	13.02
81269	HP:0010461	0.0003843	5.39
81269	HP:0010549	0.0001053	7.51
81269	HP:0010551	0.0001053	7.51
81269	HP:0010827	0.0007878	5.41
81269	HP:0010936	0.0003843	5.39
81269	HP:0011314	0.0005936	5.05
81269	HP:0011442	4.079e-05	7.51
81269	HP:0011458	0.000889	4.36
81269	HP:0011804	1.777e-05	5.48
81269	HP:0011842	0.0003563	6.2
81269	HP:0011849	0.0007394	5.48
81269	HP:0011968	0.000889	4.36
81269	HP:0012243	2.187e-07	13.02
81269	HP:0012372	0.0005253	5.81
81269	HP:0012373	0.0003091	4.58
81269	HP:0012374	0.0005253	5.81
81269	HP:0012547	0.0003091	4.58
81269	HP:0012638	0	2.58
81269	HP:0012639	0	3.35
81269	HP:0100627	0.0003843	5.39
81290	HP:0000707	0	1.31
81290	HP:0000924	0	1.72
81290	HP:0001939	0	1.74
81290	HP:0002086	0	2.75
81290	HP:0002088	0	3.21
81290	HP:0002093	0	4.81
81290	HP:0002795	0	3.98
81290	HP:0002813	0	2.6
81290	HP:0002817	0	3.23
81290	HP:0011842	0	1.78
81290	HP:0011844	0	2.58
81290	HP:0012252	0	2.97
81290	HP:0012638	0	1.49
81313	HP:0000707	0	1.31
81316	HP:0000765	0.00042	6.04
81316	HP:0000782	0.00042	6.04
81316	HP:0000924	0.000156	6.1
81316	HP:0001626	0.0001538	5.58
81316	HP:0001627	0.0001538	5.58
81316	HP:0001631	0.0003005	5.58
81316	HP:0001671	0.0001538	5.46
81316	HP:0002564	0.0001538	5.58
81316	HP:0002813	0.000156	6.1
81316	HP:0002817	0.000156	6.1
81316	HP:0002818	0.000156	6.1
81316	HP:0002973	0.000156	6.1
81316	HP:0005120	0.0003005	5.58
81316	HP:0009121	0.00042	6.04
81316	HP:0011842	0.000156	6.1
81316	HP:0011844	0.000156	6.1
81316	HP:0011994	0.0003005	5.58
81317	HP:0002086	0	2.75
81320	HP:0000818	0.0003109	5.58
81320	HP:0000864	0.0003109	5.58
81320	HP:0011747	0.0003109	5.58
81320	HP:0012503	0.0003784	5.45
81323	HP:0000707	0.0004399	6.11
81323	HP:0001250	0.0004399	6.11
81323	HP:0001279	0.0004203	5.68
81323	HP:0001626	2.845e-06	13.28
81323	HP:0001649	0.0006659	5.91
81323	HP:0001692	0.0006659	5.91
81323	HP:0001962	0.0009904	4.69
81323	HP:0002069	0.0005491	6.11
81323	HP:0002197	0.0005491	6.11
81323	HP:0003115	0.000684	5.23
81323	HP:0004755	0.0006659	5.91
81323	HP:0005110	0.0006659	5.91
81323	HP:0005115	0.0006659	5.91
81323	HP:0007359	0.0004399	5.99
81323	HP:0011025	2.845e-06	13.28
81323	HP:0011675	0.0006659	5.91
81323	HP:0012232	2.845e-06	13.28
81323	HP:0012638	0.0004399	6.11
81656	HP:0000707	0.0001377	6.2
81656	HP:0001268	0.0001377	6.2
81656	HP:0011446	0.0001377	6.2
81656	HP:0012638	0.0001377	6.2
81656	HP:0100543	0.0001377	6.2
81838	HP:0000152	0	1.97
81838	HP:0000234	0	2
81838	HP:0000271	0	2.18
81838	HP:0001871	7.435e-05	6.5
81838	HP:0001872	0.0002063	5.57
81838	HP:0001873	7.435e-05	6.5
81838	HP:0011873	9.184e-05	6.3
81966	HP:0000598	0	3.22
81966	HP:0000707	0	1.69
81966	HP:0003011	0	2.7
81966	HP:0012638	0	1.92
81966	HP:0012639	0	2.5
82110	HP:0000152	4.763e-05	7.57
82110	HP:0000234	4.763e-05	7.57
82110	HP:0000271	4.763e-05	7.57
82110	HP:0000301	9.199e-05	6.89
82110	HP:0000707	0	1.69
82110	HP:0000759	4.763e-05	7.57
82110	HP:0001270	1.77e-05	6.62
82110	HP:0001291	0.0002721	5.83
82110	HP:0001317	2.172e-05	8.49
82110	HP:0001324	4.763e-05	7.57
82110	HP:0002011	2.172e-05	8.49
82110	HP:0002334	2.172e-05	8.49
82110	HP:0002438	5.47e-05	7.42
82110	HP:0003011	6.814e-07	13.57
82110	HP:0003198	0.0003901	5.5
82110	HP:0003560	6.814e-07	13.57
82110	HP:0006824	0.0001356	6.5
82110	HP:0010628	4.763e-05	7.57
82110	HP:0010827	4.763e-05	7.57
82110	HP:0011282	2.172e-05	8.49
82110	HP:0011283	2.172e-05	8.49
82110	HP:0011799	0.0004197	5.43
82110	HP:0011804	4.763e-05	7.57
82110	HP:0011805	6.814e-07	13.57
82110	HP:0012443	2.172e-05	8.49
82110	HP:0012638	0	1.92
82110	HP:0012639	2.172e-05	8.49
82110	HP:0012758	1.77e-05	6.62
82110	HP:0012759	1.77e-05	6.62
82200	HP:0000028	0.0005819	4.61
82200	HP:0000032	9.706e-05	5.88
82200	HP:0000035	0.0005819	4.61
82200	HP:0000036	0.000758	4.42
82200	HP:0000050	0.0001599	5.51
82200	HP:0000069	0.0001685	6.57
82200	HP:0000078	9.706e-05	5.88
82200	HP:0000079	0.0001685	6.57
82200	HP:0000119	9.706e-05	6.57
82200	HP:0000152	1.169e-05	8.47
82200	HP:0000153	0.0007393	5.16
82200	HP:0000234	1.169e-05	8.47
82200	HP:0000271	1.169e-05	8.47
82200	HP:0000277	0.0002417	6.21
82200	HP:0000284	1.169e-05	6.12
82200	HP:0000288	0.0007393	5.16
82200	HP:0000290	3.004e-05	8.47
82200	HP:0000303	0.0002417	6.21
82200	HP:0000306	0.0002417	6.21
82200	HP:0000315	0.0004203	4.83
82200	HP:0000316	0.0004203	4.83
82200	HP:0000337	3.004e-05	8.47
82200	HP:0000343	0.0007393	5.16
82200	HP:0000356	0.0001562	4.63
82200	HP:0000370	0.0002151	6.32
82200	HP:0000388	0.0002151	6.32
82200	HP:0000478	0.0004203	4.83
82200	HP:0000492	0.0002084	4.47
82200	HP:0000598	0.0001562	6.32
82200	HP:0000606	0.0004216	4.1
82200	HP:0000707	4.112e-05	6.53
82200	HP:0000811	9.706e-05	5.88
82200	HP:0000924	0.0002417	6.21
82200	HP:0000925	0.0008293	3.74
82200	HP:0000929	0.0002417	6.21
82200	HP:0000951	0.0004256	5.67
82200	HP:0001155	0.0009366	3.68
82200	HP:0001438	0.000685	5.23
82200	HP:0001537	0.000685	5.23
82200	HP:0001551	0.000685	5.23
82200	HP:0001574	0.0002928	5.67
82200	HP:0001595	0.0002928	4.29
82200	HP:0001626	0.000685	5.23
82200	HP:0001627	0.000685	5.23
82200	HP:0001629	0.000685	5.23
82200	HP:0001671	0.000685	5.23
82200	HP:0001713	0.000685	5.23
82200	HP:0001871	3.675e-06	11.35
82200	HP:0001881	3.675e-06	11.35
82200	HP:0001909	0.000316	5.95
82200	HP:0002011	4.112e-05	6.53
82200	HP:0002118	0.0004011	4.86
82200	HP:0002119	4.112e-05	6.53
82200	HP:0002488	9.721e-05	7.15
82200	HP:0002564	0.000685	5.23
82200	HP:0002664	3.675e-06	11.35
82200	HP:0002715	3.675e-06	11.35
82200	HP:0002813	0.0009366	3.68
82200	HP:0002817	0.0009366	3.68
82200	HP:0003241	0.0001877	5.39
82200	HP:0003549	0.0002633	5.23
82200	HP:0004298	0.000685	5.23
82200	HP:0004299	0.000685	5.23
82200	HP:0004377	3.675e-06	11.35
82200	HP:0004808	3.675e-06	11.35
82200	HP:0007477	0.0004256	5.67
82200	HP:0008050	1.169e-05	6.12
82200	HP:0008736	9.706e-05	5.88
82200	HP:0009121	0.0002417	6.21
82200	HP:0010438	0.0007685	5.12
82200	HP:0010461	9.706e-05	5.88
82200	HP:0010866	0.000685	5.23
82200	HP:0010935	0.0001685	6.57
82200	HP:0010987	3.675e-06	11.35
82200	HP:0011138	0.000986	3.65
82200	HP:0011356	0.0004256	5.67
82200	HP:0011793	3.675e-06	11.35
82200	HP:0011821	0.0002417	6.21
82200	HP:0011842	0.0002417	6.21
82200	HP:0011844	0.0009366	3.68
82200	HP:0012243	9.706e-05	5.88
82200	HP:0012372	0.0004203	4.83
82200	HP:0012374	0.0004203	4.83
82200	HP:0012443	4.112e-05	6.53
82200	HP:0012638	0.000762	3.79
82200	HP:0012639	4.112e-05	6.53
82200	HP:0012758	0.000762	3.79
82200	HP:0012759	0.000762	3.79
82200	HP:0100790	0.0002633	5.15
82200	HP:0100886	0.0004203	4.83
82424	HP:0000707	0	1.31
82424	HP:0001252	0	3.33
82424	HP:0001438	0	1.95
82424	HP:0002012	0	2.33
82424	HP:0003011	0	2.09
82424	HP:0003808	0	3.32
82424	HP:0008872	0	5.64
82424	HP:0011458	0	3.35
82424	HP:0011804	0	2.44
82424	HP:0011805	0	3.17
82424	HP:0011968	0	5.01
82424	HP:0012638	0	1.49
82867	HP:0000707	0	1.31
82867	HP:0000951	0	2.26
82867	HP:0001574	0	1.97
82867	HP:0002011	0	2.18
82867	HP:0012639	0	1.93
82896	HP:0000478	1.418e-05	8.7
82896	HP:0000517	1.418e-05	8.7
82896	HP:0000924	0.0006593	5.27
82896	HP:0001083	1.418e-05	8.7
82896	HP:0001760	0.0006593	5.27
82896	HP:0001780	0.0006593	5.27
82896	HP:0001831	0.0006593	5.27
82896	HP:0001991	0.0006593	5.27
82896	HP:0002715	2.25e-08	17.58
82896	HP:0002718	2.25e-08	17.58
82896	HP:0002719	2.25e-08	17.58
82896	HP:0002813	0.0006593	5.27
82896	HP:0002814	0.0006593	5.27
82896	HP:0004328	1.418e-05	8.7
82896	HP:0005339	9.226e-08	15.17
82896	HP:0005368	9.226e-08	15.17
82896	HP:0005420	6.553e-07	12.29
82896	HP:0005430	2.25e-08	17.58
82896	HP:0006493	0.0006593	5.27
82896	HP:0006494	0.0006593	5.27
82896	HP:0009115	0.0006593	5.27
82896	HP:0009815	0.0006593	5.27
82896	HP:0010978	2.25e-08	17.58
82896	HP:0011297	0.0006593	5.27
82896	HP:0011842	0.0006593	5.27
82896	HP:0011844	0.0006593	5.27
82896	HP:0011927	0.0006593	5.27
82896	HP:0012372	1.418e-05	8.7
82896	HP:0012374	1.418e-05	8.7
88741	HP:0000707	0	1.31
88741	HP:0001939	0	1.74
88741	HP:0012638	0	1.49
88766	HP:0000707	0	1.51
88766	HP:0001939	0	2.01
88766	HP:0001941	0.0002186	5.52
88766	HP:0003128	1.167e-05	8.47
88766	HP:0004337	0.0001032	6.19
88766	HP:0004354	0.0001032	6.19
88766	HP:0004360	1.167e-05	8.47
88766	HP:0012638	0	1.72
88854	HP:0000765	0.0004953	4.62
88854	HP:0000766	0.0004953	4.62
88854	HP:0000767	0.0004953	4.62
88854	HP:0000924	0.0003341	5.05
88854	HP:0001760	0.0003341	5.05
88854	HP:0001780	0.0003341	5.05
88854	HP:0001844	0.0003341	5.05
88854	HP:0002664	1.85e-06	5.64
88854	HP:0002813	0.0003341	5.05
88854	HP:0002814	0.0003341	5.05
88854	HP:0009121	0.0004953	4.62
88854	HP:0011297	0.0003341	5.05
88854	HP:0011842	0.0003341	5.05
88854	HP:0011844	0.0003341	5.05
88854	HP:0100498	0.000738	4.42
89320	HP:0000951	0	2.26
89320	HP:0001574	0	1.97
89320	HP:0002715	0	2.78
89320	HP:0010978	0	3.93
89320	HP:0011354	0	2.61
89572	HP:0003011	0	2.09
89716	HP:0000002	0	3.27
89716	HP:0000152	0	1.71
89716	HP:0000153	0	2.58
89716	HP:0000234	0	1.74
89716	HP:0000240	0	3.62
89716	HP:0000252	0	4.42
89716	HP:0000271	0	1.89
89716	HP:0000284	0	3.14
89716	HP:0000315	0	4.28
89716	HP:0000364	0	3.19
89716	HP:0000365	0	3.25
89716	HP:0000478	0	1.81
89716	HP:0000504	0	3.97
89716	HP:0000505	0	4.29
89716	HP:0000598	0	2.5
89716	HP:0000707	0	1.31
89716	HP:0000924	0	1.72
89716	HP:0000929	0	2.55
89716	HP:0000951	0	2.26
89716	HP:0001507	0	2.23
89716	HP:0001510	0	2.98
89716	HP:0001574	0	1.97
89716	HP:0002011	0	2.18
89716	HP:0002060	0	4.42
89716	HP:0002977	0	3.46
89716	HP:0003549	0	3.14
89716	HP:0004322	0	3.42
89716	HP:0004323	0	3.36
89716	HP:0004325	0	4.11
89716	HP:0007364	0	4.08
89716	HP:0009121	0	2.2
89716	HP:0011354	0	2.61
89716	HP:0011442	0	2.83
89716	HP:0011842	0	1.78
89716	HP:0012372	0	2.24
89716	HP:0012373	0	2.36
89716	HP:0012374	0	2.3
89716	HP:0012443	0	2.45
89716	HP:0012638	0	1.49
89716	HP:0012639	0	1.93
89716	HP:0100547	0	3.15
89838	HP:0000032	0	3.85
89838	HP:0000036	0	4.99
89838	HP:0000050	0	6.09
89838	HP:0000078	0	3.05
89838	HP:0000119	0	2.1
89838	HP:0000478	0	1.81
89838	HP:0000496	0	3.24
89838	HP:0000639	0	4.31
89838	HP:0000707	0	1.31
89838	HP:0000811	0	3.78
89838	HP:0001507	0	2.23
89838	HP:0003241	0	5.97
89838	HP:0007256	0	3.54
89838	HP:0008736	0	6.47
89838	HP:0010461	0	3.81
89838	HP:0011442	0	2.83
89838	HP:0011446	0	2.87
89838	HP:0012243	0	3.26
89838	HP:0012373	0	2.36
89838	HP:0012547	0	4.3
89838	HP:0012638	0	1.49
90113	HP:0000707	0	2.38
90113	HP:0000759	2.958e-08	22.98
90113	HP:0000924	4.211e-06	9.58
90113	HP:0001197	4.899e-06	9.41
90113	HP:0001324	2.958e-08	22.98
90113	HP:0001367	4.211e-06	9.58
90113	HP:0001371	4.211e-06	9.58
90113	HP:0001557	2.632e-05	7.74
90113	HP:0001558	4.899e-06	9.41
90113	HP:0001608	4.576e-06	11.85
90113	HP:0001612	4.576e-06	11.85
90113	HP:0002086	2.958e-08	22.98
90113	HP:0002088	2.958e-08	22.98
90113	HP:0002093	2.958e-08	22.98
90113	HP:0002374	2.304e-05	7.7
90113	HP:0002747	2.958e-08	22.98
90113	HP:0002795	2.958e-08	22.98
90113	HP:0002803	1.68e-05	8.16
90113	HP:0002804	4.211e-06	9.58
90113	HP:0003011	2.958e-08	22.98
90113	HP:0003324	8.435e-05	7.85
90113	HP:0003388	2.51e-05	9.36
90113	HP:0003391	2.364e-05	9.44
90113	HP:0003398	4.576e-06	11.85
90113	HP:0003436	2.958e-08	22.98
90113	HP:0003443	2.187e-07	17.75
90113	HP:0003473	4.576e-06	11.85
90113	HP:0003549	4.211e-06	9.58
90113	HP:0003701	2.364e-05	9.44
90113	HP:0004302	0.0001482	5.1
90113	HP:0004303	1.358e-06	13.96
90113	HP:0004347	2.958e-08	22.98
90113	HP:0004889	2.958e-08	22.98
90113	HP:0011729	4.211e-06	9.58
90113	HP:0011804	2.958e-08	22.98
90113	HP:0011805	1.358e-06	13.96
90113	HP:0011842	4.211e-06	9.58
90113	HP:0012252	2.958e-08	22.98
90113	HP:0012638	0	2.72
90113	HP:0012639	2.958e-08	22.98
90113	HP:0100022	2.304e-05	7.7
90113	HP:0100295	1.358e-06	13.96
90124	HP:0002086	3.539e-05	9.09
90124	HP:0002087	3.539e-05	9.09
90124	HP:0002109	0.0004203	6.23
90124	HP:0002110	3.539e-05	9.09
90124	HP:0005607	3.539e-05	9.09
90124	HP:0012252	3.539e-05	9.09
90194	HP:0001608	8.829e-05	6.34
90194	HP:0001626	0	2.58
90194	HP:0001627	1.249e-05	8.39
90194	HP:0001646	1.249e-05	8.39
90194	HP:0001654	0.0001032	6.19
90194	HP:0002564	1.249e-05	8.39
90251	HP:0003011	0	2.09
90251	HP:0003549	0	3.14
90251	HP:0011805	0	3.17
90258	HP:0001626	0.0001671	7
90258	HP:0001627	0.0001671	7
90258	HP:0001637	0.0001671	7
90258	HP:0001638	0.0001671	7
90258	HP:0001644	0.0001671	7
90258	HP:0001677	0.0001671	7
90258	HP:0001939	5.304e-06	11.48
90258	HP:0002564	0.0001671	7
90258	HP:0002597	0.0001671	7
90258	HP:0002621	0.00042	6.04
90258	HP:0002634	0.0004885	5.88
90258	HP:0003011	0.000565	3.91
90258	HP:0003236	5.304e-06	11.48
90258	HP:0003549	0.0001854	6.88
90258	HP:0005114	0.0008979	5.3
90258	HP:0006704	0.0001671	7
90258	HP:0008180	5.304e-06	11.48
90258	HP:0009124	0.0001854	6.88
90258	HP:0009125	0.0002267	6.67
90258	HP:0010876	5.304e-06	11.48
90258	HP:0011004	0.0001671	7
90258	HP:0011021	5.304e-06	11.48
90258	HP:0011805	0.000565	3.91
90258	HP:0100545	0.0001671	7
90258	HP:0100578	0.0001854	6.88
101298	HP:0000924	2.789e-05	8.18
101298	HP:0001367	2.789e-05	8.18
101298	HP:0001438	0.00059	5.13
101298	HP:0001939	1.764e-07	16.2
101298	HP:0001945	1.343e-05	9.07
101298	HP:0001954	1.764e-07	16.2
101298	HP:0002017	0.00059	5.13
101298	HP:0002829	2.789e-05	8.18
101298	HP:0003011	1.343e-05	9.07
101298	HP:0003326	1.343e-05	9.07
101298	HP:0004370	0.0004048	5.47
101298	HP:0011458	0.00059	5.13
101298	HP:0011804	1.343e-05	9.07
101298	HP:0011842	2.789e-05	8.18
101899	HP:0000478	0	1.81
101899	HP:0012373	0	2.36
101913	HP:0000119	0	2.1
101913	HP:0001939	0	1.74
102422	HP:0000707	0	1.31
102422	HP:0000759	0	4.14
102422	HP:0000924	0	1.72
102422	HP:0000925	0	3.36
102422	HP:0001324	0	4.27
102422	HP:0001760	0	3.61
102422	HP:0002650	0	4.27
102422	HP:0002813	0	2.6
102422	HP:0002814	0	3.18
102422	HP:0003011	0	2.09
102422	HP:0003202	0	5.34
102422	HP:0009121	0	2.2
102422	HP:0010674	0	3.97
102422	HP:0011804	0	2.44
102422	HP:0011805	0	3.17
102422	HP:0011842	0	1.78
102422	HP:0011844	0	2.58
102422	HP:0012638	0	1.49
102422	HP:0012639	0	1.93
109994	HP:0000152	0	1.71
109994	HP:0000234	0	1.74
109994	HP:0000924	0	1.72
109994	HP:0009121	0	2.2
109994	HP:0011842	0	1.78
118264	HP:0000014	1.432e-07	17.94
118264	HP:0000015	1.432e-07	17.94
118264	HP:0000079	1.432e-07	17.94
118264	HP:0000119	1.432e-07	17.94
118264	HP:0000152	5.605e-05	5.65
118264	HP:0000153	0.0007923	3.59
118264	HP:0000163	0.0007923	3.59
118264	HP:0000234	5.605e-05	5.65
118264	HP:0000271	5.605e-05	5.65
118264	HP:0000284	0.0004022	3.91
118264	HP:0000315	5.605e-05	5.65
118264	HP:0000316	5.605e-05	5.65
118264	HP:0000356	2.733e-05	5.18
118264	HP:0000366	0.000785	4.1
118264	HP:0000422	0.000785	4.1
118264	HP:0000478	0	2.76
118264	HP:0000479	1.624e-05	9.52
118264	HP:0000517	1.282e-07	13.08
118264	HP:0000541	1.624e-05	9.52
118264	HP:0000591	2.517e-05	8.94
118264	HP:0000592	2.517e-05	8.94
118264	HP:0000598	2.733e-05	5.18
118264	HP:0000765	1.14e-05	5.62
118264	HP:0000924	6.35e-07	11.01
118264	HP:0000925	0.0002135	4.2
118264	HP:0000951	5.01e-09	27.52
118264	HP:0000963	6.539e-05	7.79
118264	HP:0000977	3.78e-07	15.79
118264	HP:0000978	0.0002899	6.2
118264	HP:0000987	0.0009366	5.09
118264	HP:0000993	5.01e-09	27.52
118264	HP:0001030	5.709e-07	14.96
118264	HP:0001073	5.01e-09	27.52
118264	HP:0001075	1.157e-06	13.63
118264	HP:0001083	1.282e-07	13.08
118264	HP:0001098	1.624e-05	9.52
118264	HP:0001197	6.847e-05	5.53
118264	HP:0001367	6.35e-07	11.01
118264	HP:0001369	6.35e-07	11.01
118264	HP:0001373	0.0005228	4.29
118264	HP:0001382	0.000171	5.72
118264	HP:0001438	2.001e-07	7.93
118264	HP:0001574	5.01e-09	27.52
118264	HP:0001626	1.03e-07	14.25
118264	HP:0001627	1.03e-07	13.38
118264	HP:0001633	5.336e-06	8.69
118264	HP:0001634	1.03e-07	13.38
118264	HP:0001679	0.000742	5.29
118264	HP:0001724	1.624e-05	9.52
118264	HP:0001760	0.0001004	4.55
118264	HP:0001780	1.138e-06	6.87
118264	HP:0001871	0.0002899	6.2
118264	HP:0001892	0.0002899	6.2
118264	HP:0001933	0.0009366	5.09
118264	HP:0002086	0.0002899	6.2
118264	HP:0002087	0.0002899	6.2
118264	HP:0002564	1.03e-07	13.38
118264	HP:0002597	8.283e-07	14.25
118264	HP:0002624	2.73e-06	12.15
118264	HP:0002647	8.283e-07	14.25
118264	HP:0002758	6.35e-07	11.01
118264	HP:0002778	0.0002899	6.2
118264	HP:0002813	1.138e-06	6.87
118264	HP:0002814	0.0003609	3.96
118264	HP:0003549	0.0004081	3.9
118264	HP:0004298	8.518e-07	7.04
118264	HP:0004299	2.001e-07	7.93
118264	HP:0004328	1.282e-07	13.08
118264	HP:0004329	1.624e-05	9.52
118264	HP:0004334	7.277e-05	7.67
118264	HP:0005111	2.104e-06	12.59
118264	HP:0005293	1.157e-06	13.63
118264	HP:0005607	0.0008571	5.17
118264	HP:0006705	0.0007047	4.1
118264	HP:0008065	0.0009366	5.09
118264	HP:0009121	1.14e-05	5.62
118264	HP:0010647	0.0005851	5.53
118264	HP:0010866	2.106e-07	7.9
118264	HP:0010936	1.432e-07	17.94
118264	HP:0011004	8.283e-07	14.25
118264	HP:0011121	3.78e-07	15.79
118264	HP:0011276	0.0002899	6.2
118264	HP:0011297	0.0001678	4.31
118264	HP:0011354	5.01e-09	27.52
118264	HP:0011355	5.01e-09	27.52
118264	HP:0011729	0.000171	5.72
118264	HP:0011842	6.35e-07	11.01
118264	HP:0011844	1.138e-06	6.87
118264	HP:0012252	0.000683	3.66
118264	HP:0012372	0	3.43
118264	HP:0012374	0	3.51
118264	HP:0100699	5.01e-09	27.52
118264	HP:0100790	4.812e-07	7.38
118264	HP:0100886	5.605e-05	5.65
141073	HP:0000008	1.218e-05	9.2
141073	HP:0000032	0.0005715	5.16
141073	HP:0000078	1.218e-05	9.2
141073	HP:0000079	0.0005715	5.16
141073	HP:0000119	1.218e-05	9.2
141073	HP:0000142	1.218e-05	9.2
141073	HP:0000152	0	2.2
141073	HP:0000153	0	3.34
141073	HP:0000163	0.0007332	4.08
141073	HP:0000164	0.0007332	4.08
141073	HP:0000234	0	2.24
141073	HP:0000271	0	2.44
141073	HP:0000284	5.675e-08	18.75
141073	HP:0000315	5.675e-08	18.75
141073	HP:0000366	3.553e-08	19.9
141073	HP:0000478	0	2.33
141073	HP:0000492	5.231e-05	6.84
141073	HP:0000528	5.675e-08	18.75
141073	HP:0000568	2.364e-05	8.38
141073	HP:0000589	5.231e-05	6.84
141073	HP:0000606	5.231e-05	6.84
141073	HP:0000614	2.632e-06	11.34
141073	HP:0000625	5.231e-05	6.84
141073	HP:0000795	0.0005715	5.16
141073	HP:0000811	0.0005715	5.16
141073	HP:0000812	1.218e-05	9.2
141073	HP:0001438	1.764e-07	16.2
141073	HP:0001539	6.814e-07	13.57
141073	HP:0001600	6.703e-05	7.21
141073	HP:0002012	1.764e-07	16.2
141073	HP:0002086	6.703e-05	7.21
141073	HP:0002087	6.703e-05	7.21
141073	HP:0002242	0.0002975	4.64
141073	HP:0003549	6.814e-07	13.57
141073	HP:0004122	3.553e-08	19.9
141073	HP:0004298	6.814e-07	13.57
141073	HP:0004299	6.814e-07	13.57
141073	HP:0004378	1.218e-05	9.2
141073	HP:0004397	1.764e-07	16.2
141073	HP:0005105	3.553e-08	19.9
141073	HP:0008056	5.675e-08	18.75
141073	HP:0010460	1.218e-05	9.2
141073	HP:0010461	0.0005715	5.16
141073	HP:0010866	6.814e-07	13.57
141073	HP:0010936	0.0005715	5.16
141073	HP:0011024	1.764e-07	16.2
141073	HP:0011481	3.553e-08	19.9
141073	HP:0012243	1.218e-05	9.2
141073	HP:0012252	6.703e-05	7.21
141073	HP:0012372	0	2.9
141073	HP:0012374	0	2.97
141073	HP:0012718	1.764e-07	16.2
141073	HP:0012732	1.764e-07	16.2
141073	HP:0100589	0.0001306	5.98
141073	HP:0100790	6.814e-07	13.57
141073	HP:0100887	5.675e-08	18.75
160482	HP:0000028	0	5.18
160482	HP:0000032	0	3.85
160482	HP:0000035	0	4.24
160482	HP:0000078	0	3.05
160482	HP:0000119	0	2.1
160482	HP:0000152	0	1.71
160482	HP:0000153	0	2.58
160482	HP:0000159	0	5.08
160482	HP:0000163	0	2.91
160482	HP:0000164	0	4.13
160482	HP:0000174	0	4.78
160482	HP:0000234	0	1.74
160482	HP:0000240	0	3.62
160482	HP:0000252	0	4.42
160482	HP:0000271	0	1.89
160482	HP:0000284	0	3.14
160482	HP:0000366	0	3.01
160482	HP:0000422	0	4.06
160482	HP:0000492	0	3.95
160482	HP:0000534	0	5.95
160482	HP:0000606	0	3.64
160482	HP:0000707	0	1.31
160482	HP:0000811	0	3.78
160482	HP:0000924	0	1.72
160482	HP:0000925	0	3.36
160482	HP:0000929	0	2.55
160482	HP:0000951	0	2.26
160482	HP:0001155	0	3.31
160482	HP:0001167	0	3.82
160482	HP:0001507	0	2.23
160482	HP:0001510	0	2.98
160482	HP:0001511	0	7.02
160482	HP:0001574	0	1.97
160482	HP:0001595	0	3.8
160482	HP:0001626	0	2.24
160482	HP:0001627	0	3.31
160482	HP:0001999	0	3.85
160482	HP:0002011	0	2.18
160482	HP:0002060	0	4.42
160482	HP:0002564	0	3.37
160482	HP:0002650	0	4.27
160482	HP:0002813	0	2.6
160482	HP:0002814	0	3.18
160482	HP:0002817	0	3.23
160482	HP:0002977	0	3.46
160482	HP:0003549	0	3.14
160482	HP:0005918	0	4.85
160482	HP:0005927	0	6.38
160482	HP:0006496	0	5.99
160482	HP:0007364	0	4.08
160482	HP:0009115	0	3.73
160482	HP:0009121	0	2.2
160482	HP:0009815	0	5.13
160482	HP:0010461	0	3.81
160482	HP:0010674	0	3.97
160482	HP:0011138	0	3.28
160482	HP:0011297	0	3.44
160482	HP:0011337	0	7.1
160482	HP:0011842	0	1.78
160482	HP:0011844	0	2.58
160482	HP:0011927	0	5.83
160482	HP:0012243	0	3.26
160482	HP:0012443	0	2.45
160482	HP:0012638	0	1.49
160482	HP:0012639	0	1.93
160482	HP:0100547	0	3.15
160482	HP:0100790	0	5.73
161071	HP:0000707	0	1.69
161211	HP:0000364	0	3.19
161211	HP:0000365	0	3.25
161211	HP:0000598	0	2.5
161211	HP:0000707	0	1.31
161211	HP:0000924	0	1.72
161211	HP:0000951	0	2.26
161211	HP:0001249	0	3.36
161211	HP:0001367	0	3.05
161211	HP:0001574	0	1.97
161211	HP:0001626	0	2.24
161211	HP:0001627	0	3.31
161211	HP:0002086	0	2.75
161211	HP:0002088	0	3.21
161211	HP:0002093	0	4.81
161211	HP:0002564	0	3.37
161211	HP:0002795	0	3.98
161211	HP:0002813	0	2.6
161211	HP:0003549	0	3.14
161211	HP:0009121	0	2.2
161211	HP:0011354	0	2.61
161211	HP:0011729	0	3.56
161211	HP:0011842	0	1.78
161211	HP:0011844	0	2.58
161211	HP:0012252	0	2.97
161211	HP:0012638	0	1.49
161211	HP:0012759	0	2.51
161211	HP:0100022	0	3.26
