sunid	term	fdr	score
46458	HP:0000951	5.653e-05	8.76
46458	HP:0000952	0.0003779	6.53
46458	HP:0000961	5.653e-05	8.76
46458	HP:0001005	5.653e-05	8.76
46458	HP:0001392	0.0002846	6.53
46458	HP:0001396	0.0003779	6.53
46458	HP:0001438	5.68e-06	10.32
46458	HP:0001574	5.653e-05	8.76
46458	HP:0001743	5.68e-06	10.32
46458	HP:0001871	2.361e-09	21.38
46458	HP:0001877	2.361e-09	21.38
46458	HP:0001878	4.842e-07	16.87
46458	HP:0001903	1.767e-08	17.4
46458	HP:0001930	4.842e-07	16.87
46458	HP:0001935	1.767e-08	17.4
46458	HP:0001939	0	2.69
46458	HP:0001971	5.68e-06	10.32
46458	HP:0002012	5.68e-06	10.32
46458	HP:0002086	5.653e-05	8.76
46458	HP:0002715	5.68e-06	10.32
46458	HP:0002795	5.653e-05	8.76
46458	HP:0004297	0.0002846	5.8
46458	HP:0010472	1.031e-06	11.32
46458	HP:0010972	9.295e-06	8.86
46458	HP:0011354	5.653e-05	8.76
46458	HP:0011895	4.842e-07	16.87
46458	HP:0011902	2.361e-09	21.38
46458	HP:0100763	5.68e-06	10.32
46565	HP:0000707	0	1.82
46579	HP:0000478	0	2.31
46579	HP:0000924	1.335e-06	13.7
46579	HP:0000951	1.335e-06	13.7
46579	HP:0000962	1.335e-06	13.7
46579	HP:0000972	1.335e-06	13.7
46579	HP:0000982	0.0002769	6.39
46579	HP:0001072	1.335e-06	13.7
46579	HP:0001155	1.335e-06	13.7
46579	HP:0001574	1.335e-06	13.7
46579	HP:0002813	1.335e-06	13.7
46579	HP:0002817	1.335e-06	13.7
46579	HP:0007556	2.766e-06	12.42
46579	HP:0008064	9.103e-05	7.59
46579	HP:0010765	1.953e-06	13.01
46579	HP:0011121	1.335e-06	13.7
46579	HP:0011354	1.335e-06	13.7
46579	HP:0011356	1.335e-06	13.7
46579	HP:0011368	1.335e-06	13.7
46579	HP:0011842	1.335e-06	13.7
46579	HP:0011844	1.335e-06	13.7
46579	HP:0100871	1.335e-06	13.7
46579	HP:0100872	1.343e-05	10
46689	HP:0000478	0.0001844	6.18
46689	HP:0000587	0.0003882	6.18
46689	HP:0000609	0.0003882	6.18
46689	HP:0000707	0.0003882	6.18
46689	HP:0001098	0.0003882	6.18
46689	HP:0002011	0.0003882	6.18
46689	HP:0002977	0.0003882	6.18
46689	HP:0004329	0.0003882	6.18
46689	HP:0008056	0.0001844	4.75
46689	HP:0008057	0.0003882	6.18
46689	HP:0008058	0.0003882	6.18
46689	HP:0012372	0.0001844	6.18
46689	HP:0012374	0.0001844	6.18
46689	HP:0012639	0.0003882	6.18
46774	HP:0000152	0.0006046	5.14
46774	HP:0000153	0.0006046	5.14
46774	HP:0000234	0.0006046	5.14
46774	HP:0000271	0.0006046	5.14
46774	HP:0000288	0.0006046	5.14
46774	HP:0000924	3.32e-06	11.08
46774	HP:0001155	3.32e-06	11.08
46774	HP:0001167	3.32e-06	11.08
46774	HP:0002813	3.32e-06	11.08
46774	HP:0002814	0.0003793	5.55
46774	HP:0002817	3.32e-06	11.08
46774	HP:0005918	3.32e-06	11.08
46774	HP:0005927	0.0004315	5.43
46774	HP:0006265	8.484e-05	7.02
46774	HP:0006493	0.0003793	5.55
46774	HP:0006496	0.0006918	5.03
46774	HP:0009115	3.32e-06	11.08
46774	HP:0009381	3.978e-05	7.83
46774	HP:0009767	9.598e-05	6.89
46774	HP:0009803	6.814e-05	7.25
46774	HP:0009815	3.32e-06	11.08
46774	HP:0009832	1.235e-05	9.25
46774	HP:0009835	3.32e-06	11.08
46774	HP:0009882	3.32e-06	11.08
46774	HP:0011297	3.32e-06	11.08
46774	HP:0011842	3.32e-06	11.08
46774	HP:0011844	3.32e-06	11.08
46774	HP:0011927	0.0008356	4.87
46934	HP:0000707	0	1.66
46934	HP:0012638	0	1.89
46966	HP:0001324	0.0005217	5.86
46966	HP:0003011	0.0005217	5.86
46966	HP:0003560	0.0008459	5.55
46966	HP:0003701	0.0005217	5.86
46966	HP:0011804	0.0005217	5.86
46966	HP:0011805	0.0008459	5.55
47005	HP:0000707	0	1.29
47005	HP:0001249	0	3.36
47005	HP:0001251	0	5.13
47005	HP:0001252	0	3.37
47005	HP:0001317	0	5.13
47005	HP:0001939	0	1.76
47005	HP:0001941	0	6.56
47005	HP:0002011	0	2.16
47005	HP:0003011	0	2.09
47005	HP:0003128	0	9.59
47005	HP:0003808	0	3.35
47005	HP:0004360	0	6.26
47005	HP:0007256	0	3.47
47005	HP:0011282	0	3.91
47005	HP:0011283	0	5.13
47005	HP:0011442	0	2.77
47005	HP:0011443	0	4.31
47005	HP:0011804	0	2.44
47005	HP:0012443	0	2.41
47005	HP:0012638	0	1.46
47005	HP:0012639	0	1.92
47005	HP:0012759	0	2.48
47005	HP:0100547	0	3.11
47031	HP:0000359	0.0001105	8.41
47031	HP:0000598	0.0001105	8.41
47031	HP:0001751	0.0001105	8.41
47031	HP:0002321	0.0001105	8.41
47031	HP:0011389	0.0001105	8.41
47090	HP:0000924	0.0002106	6.67
47090	HP:0000944	0.0002106	6.67
47090	HP:0002813	0.0002106	6.67
47090	HP:0005930	0.0009624	5.2
47090	HP:0011314	0.0002106	6.67
47090	HP:0011842	0.0002106	6.67
47090	HP:0011844	0.0002106	6.67
47203	HP:0000079	6.736e-09	15.41
47203	HP:0000119	6.736e-09	15.41
47203	HP:0000707	1.487e-06	9.48
47203	HP:0001252	0.0005373	4.19
47203	HP:0001254	1.487e-06	9.48
47203	HP:0001392	0.000114	5.71
47203	HP:0001397	0.000114	5.71
47203	HP:0001438	0.000114	5.71
47203	HP:0001939	0	3.05
47203	HP:0001941	0.0001324	5.96
47203	HP:0001943	7.418e-06	8.12
47203	HP:0001992	6.736e-09	15.41
47203	HP:0002012	0.000114	5.71
47203	HP:0003011	0.0005373	4.19
47203	HP:0003110	6.736e-09	15.41
47203	HP:0003119	7.073e-08	22.39
47203	HP:0003215	6.736e-09	15.41
47203	HP:0003234	7.073e-08	22.39
47203	HP:0003287	0.0003174	6.95
47203	HP:0003808	0.0005373	4.19
47203	HP:0004354	0.0001876	5.17
47203	HP:0004359	1.138e-05	11.4
47203	HP:0004360	0.0001324	5.96
47203	HP:0004372	1.487e-06	9.48
47203	HP:0010966	7.073e-08	22.39
47203	HP:0010967	7.073e-08	22.39
47203	HP:0010995	6.736e-09	15.41
47203	HP:0011013	7.418e-06	8.12
47203	HP:0011014	7.418e-06	8.12
47203	HP:0011015	1.182e-05	7.73
47203	HP:0011017	7.073e-08	22.39
47203	HP:0011277	6.736e-09	15.41
47203	HP:0011446	1.487e-06	9.48
47203	HP:0011804	0.0009776	3.51
47203	HP:0012072	3.809e-07	9.11
47203	HP:0012103	0.0003765	6.76
47203	HP:0012638	1.487e-06	9.48
47370	HP:0000152	1.448e-05	7.75
47370	HP:0000234	1.448e-05	7.75
47370	HP:0000271	1.448e-05	7.75
47370	HP:0000284	1.448e-05	7.75
47370	HP:0000492	1.448e-05	7.75
47370	HP:0000499	1.448e-05	7.75
47370	HP:0000534	0.0008751	4.82
47370	HP:0000606	1.448e-05	7.75
47370	HP:0000707	0.0006024	5.57
47370	HP:0000750	0.0006024	5.57
47370	HP:0000924	2.196e-05	10.43
47370	HP:0000998	0.0009791	5.18
47370	HP:0001155	2.196e-05	7.42
47370	HP:0001167	2.196e-05	7.42
47370	HP:0001217	2.3e-05	10.43
47370	HP:0001574	1.448e-05	7.75
47370	HP:0001595	1.448e-05	7.75
47370	HP:0001760	2.3e-05	10.43
47370	HP:0001780	2.3e-05	10.43
47370	HP:0002813	2.196e-05	10.43
47370	HP:0002814	2.3e-05	10.43
47370	HP:0002817	2.196e-05	7.42
47370	HP:0005918	2.196e-05	7.42
47370	HP:0009767	3.631e-05	7.04
47370	HP:0009803	2.196e-05	7.42
47370	HP:0010161	2.3e-05	10.43
47370	HP:0011138	1.448e-05	7.75
47370	HP:0011297	2.196e-05	10.43
47370	HP:0011362	0.0009791	5.18
47370	HP:0011842	2.196e-05	10.43
47370	HP:0011844	2.196e-05	10.43
47370	HP:0011927	0.0008751	4.82
47370	HP:0012638	0.0006024	5.57
47370	HP:0012758	0.0006024	5.57
47370	HP:0012759	0.0006024	5.57
47370	HP:0100760	2.3e-05	10.43
47454	HP:0000478	0	1.79
47454	HP:0012372	0	2.21
47454	HP:0012374	0	2.27
47459	HP:0000152	5.204e-05	8.19
47459	HP:0000234	5.204e-05	8.19
47459	HP:0000269	5.204e-05	8.19
47459	HP:0000924	5.204e-05	8.19
47459	HP:0000929	5.204e-05	8.19
47459	HP:0002648	5.204e-05	8.19
47459	HP:0002683	5.204e-05	8.19
47459	HP:0009121	5.204e-05	8.19
47459	HP:0011217	5.204e-05	8.19
47459	HP:0011842	5.204e-05	8.19
47576	HP:0001324	7.776e-05	6.87
47576	HP:0001939	0.0003072	5.84
47576	HP:0003011	7.776e-05	6.87
47576	HP:0003701	7.776e-05	6.87
47576	HP:0010876	0.0003072	5.84
47576	HP:0011021	0.0003072	5.84
47576	HP:0011804	7.776e-05	6.87
47655	HP:0002086	0	2.7
47686	HP:0000951	0	2.28
47686	HP:0001574	0	1.98
47686	HP:0002715	0	2.77
47686	HP:0010978	0	3.82
47686	HP:0011354	0	2.63
47781	HP:0000002	0	3.74
47781	HP:0000152	0	1.98
47781	HP:0000234	0	2
47781	HP:0000240	0	4.13
47781	HP:0000271	0	2.2
47781	HP:0000598	0	2.82
47781	HP:0000707	0	1.49
47781	HP:0000924	0	1.97
47781	HP:0000929	0	2.93
47781	HP:0000951	0	2.63
47781	HP:0001507	0	2.56
47781	HP:0001510	0	3.4
47781	HP:0001574	0	2.29
47781	HP:0002011	0	2.5
47781	HP:0004322	0	3.92
47781	HP:0009121	0	2.52
47781	HP:0011354	0	3.04
47781	HP:0011842	0	2.04
47781	HP:0012638	0	1.69
47781	HP:0012639	0	2.21
47862	HP:0000924	0	1.71
47862	HP:0001939	0	1.76
47862	HP:0002086	0	2.7
47862	HP:0002088	0	3.16
47862	HP:0002093	0	4.75
47862	HP:0002795	0	3.94
47862	HP:0011842	0	1.76
47862	HP:0012252	0	2.91
47986	HP:0000924	0.0004515	5.74
47986	HP:0001367	0.0004515	5.74
47986	HP:0001438	1.5e-05	6.33
47986	HP:0001626	3.225e-08	9.74
47986	HP:0001627	0.0006	6.64
47986	HP:0001697	0.0006	6.64
47986	HP:0001743	0.0001252	4.39
47986	HP:0001744	1.5e-05	6.25
47986	HP:0001871	1.157e-05	9.08
47986	HP:0001881	1.157e-05	9.08
47986	HP:0001939	3.14e-06	10.38
47986	HP:0001945	1.986e-05	9.31
47986	HP:0001954	1.986e-05	9.31
47986	HP:0001974	1.157e-05	8.71
47986	HP:0002012	1.5e-05	6.33
47986	HP:0002564	0.0006	6.64
47986	HP:0002585	0.0006264	6.33
47986	HP:0002597	3.225e-08	9.74
47986	HP:0002633	3.225e-08	9.74
47986	HP:0002715	4.693e-07	9.08
47986	HP:0002716	4.693e-07	8.83
47986	HP:0002733	4.693e-07	8.83
47986	HP:0002829	0.0004515	5.74
47986	HP:0002843	0.0004834	6.88
47986	HP:0002846	8.432e-05	9.08
47986	HP:0003271	1.5e-05	6.25
47986	HP:0003496	8.432e-05	9.08
47986	HP:0003565	3.368e-05	10.38
47986	HP:0004332	8.432e-05	9.08
47986	HP:0004370	3.14e-06	7.3
47986	HP:0005368	8.432e-05	9.08
47986	HP:0005372	8.432e-05	9.08
47986	HP:0010701	8.432e-05	9.08
47986	HP:0010702	8.432e-05	9.08
47986	HP:0010978	8.432e-05	9.08
47986	HP:0010987	1.157e-05	9.08
47986	HP:0011034	8.432e-05	9.08
47986	HP:0011840	0.0004834	6.88
47986	HP:0011842	0.0004515	5.74
47986	HP:0011893	1.157e-05	8.71
47986	HP:0100763	4.693e-07	8.83
48092	HP:0002086	0	2.7
48264	HP:0000818	8.436e-06	9.76
48264	HP:0000840	8.436e-06	9.76
48264	HP:0008373	8.436e-06	9.76
48350	HP:0000707	0.0007679	6.12
48350	HP:0000708	0.0007679	6.12
48350	HP:0000736	0.0007679	6.12
48350	HP:0000752	0.0007679	6.12
48350	HP:0007018	0.0007679	6.12
48350	HP:0012638	0.0007679	6.12
48350	HP:0100022	0.0007679	6.12
48371	HP:0000707	0.0009176	6.27
48371	HP:0002011	0.0009176	6.27
48371	HP:0002664	0.0009176	6.27
48371	HP:0004375	0.0009176	6.27
48371	HP:0009592	0.0009176	6.27
48371	HP:0009733	0.0009176	6.27
48371	HP:0011793	0.0009176	6.27
48371	HP:0012639	0.0009176	6.27
48371	HP:0100006	0.0009176	6.27
48371	HP:0100705	0.0009176	6.27
48371	HP:0100707	0.0009176	6.27
48371	HP:0100836	0.0009176	6.27
48452	HP:0000032	0.0003368	4.59
48452	HP:0000078	0.0003368	4.59
48452	HP:0000119	0.0003368	4.59
48452	HP:0000478	4.886e-05	5.92
48452	HP:0000479	0.000647	4.42
48452	HP:0000517	0.0003136	4.74
48452	HP:0000518	0.0003136	4.74
48452	HP:0000707	0.0007508	4.89
48452	HP:0000811	0.0004448	4.47
48452	HP:0000924	0.0002032	6.35
48452	HP:0001098	4.886e-05	5.92
48452	HP:0002011	0.0007508	4.89
48452	HP:0002118	0.0007508	4.89
48452	HP:0002119	0.0007508	4.89
48452	HP:0002813	0.0002032	6.35
48452	HP:0004328	0.0003136	4.74
48452	HP:0004329	4.886e-05	5.92
48452	HP:0007703	4.886e-05	5.92
48452	HP:0008051	4.886e-05	5.92
48452	HP:0009121	0.0004327	3.89
48452	HP:0010442	0.0002032	6.35
48452	HP:0010461	0.0003959	4.52
48452	HP:0011297	0.0002032	6.35
48452	HP:0011842	0.0002032	6.35
48452	HP:0011844	0.0002032	6.35
48452	HP:0012243	0.0003368	4.59
48452	HP:0012372	4.886e-05	5.92
48452	HP:0012374	0.0002106	4.12
48452	HP:0012443	0.0007508	4.89
48452	HP:0012639	0.0007508	4.89
48452	HP:0100259	0.0002032	6.35
48508	HP:0000008	0.0003539	7.01
48508	HP:0000078	0.0003539	7.01
48508	HP:0000119	0.0003539	7.01
48508	HP:0000140	0.0003539	7.01
48508	HP:0000141	0.0009787	5.9
48508	HP:0000786	0.0003539	7.01
48508	HP:0000812	0.0003539	7.01
48508	HP:0000818	9.606e-05	4.83
48508	HP:0008373	0.0003539	7.01
48508	HP:0010460	0.0003539	7.01
48508	HP:0012243	0.0003539	7.01
48557	HP:0000707	0	1.29
48557	HP:0001249	0	3.36
48557	HP:0001250	0	2.96
48557	HP:0001263	0	4.27
48557	HP:0001507	0	2.22
48557	HP:0002011	0	2.16
48557	HP:0012443	0	2.41
48557	HP:0012638	0	1.46
48557	HP:0012639	0	1.92
48557	HP:0012758	0	3.33
48557	HP:0012759	0	2.48
48557	HP:0100547	0	3.11
48576	HP:0000478	0	1.79
48576	HP:0000707	0	1.29
48576	HP:0001939	0	1.76
48576	HP:0001941	0	6.56
48576	HP:0002151	0	12.2
48576	HP:0004360	0	6.26
48576	HP:0012638	0	1.46
48592	HP:0000003	8.545e-05	7.66
48592	HP:0000008	8.643e-07	14.5
48592	HP:0000032	7.646e-06	10.83
48592	HP:0000035	7.646e-06	10.83
48592	HP:0000036	0.0001013	7.46
48592	HP:0000050	7.646e-06	10.83
48592	HP:0000054	0.0001013	7.46
48592	HP:0000077	4.579e-05	8.38
48592	HP:0000078	8.643e-07	14.5
48592	HP:0000079	4.579e-05	8.38
48592	HP:0000080	0.0007804	5.38
48592	HP:0000100	4.579e-05	8.38
48592	HP:0000107	0.0003523	6.14
48592	HP:0000119	8.643e-07	14.5
48592	HP:0000135	0.0001073	7.39
48592	HP:0000137	0.0002106	6.67
48592	HP:0000138	2.4e-05	9.2
48592	HP:0000142	3.114e-05	8.87
48592	HP:0000147	2.196e-05	9.32
48592	HP:0000148	8.643e-07	14.5
48592	HP:0000152	3.073e-07	16.62
48592	HP:0000153	9.623e-06	10.47
48592	HP:0000163	9.623e-06	10.47
48592	HP:0000164	9.623e-06	10.47
48592	HP:0000234	3.073e-07	16.62
48592	HP:0000271	3.073e-07	16.62
48592	HP:0000284	3.073e-07	16.62
48592	HP:0000366	0.0001073	7.39
48592	HP:0000422	0.0001073	7.39
48592	HP:0000426	0.0001073	7.39
48592	HP:0000464	0.0009832	5.17
48592	HP:0000470	0.0009832	5.17
48592	HP:0000478	3.073e-07	16.62
48592	HP:0000479	2.196e-05	9.32
48592	HP:0000481	1.488e-05	9.85
48592	HP:0000483	1.488e-05	9.85
48592	HP:0000486	0.0005778	4.59
48592	HP:0000492	0.000711	5.47
48592	HP:0000494	0.000711	5.47
48592	HP:0000496	0.0005778	4.59
48592	HP:0000510	0.0001013	7.46
48592	HP:0000512	0.0004917	5.81
48592	HP:0000517	3.073e-07	16.62
48592	HP:0000534	3.073e-07	16.62
48592	HP:0000539	1.488e-05	9.85
48592	HP:0000549	0.0005985	4.57
48592	HP:0000556	2.196e-05	9.32
48592	HP:0000606	3.073e-07	16.62
48592	HP:0000668	2.4e-05	9.2
48592	HP:0000678	9.623e-06	10.47
48592	HP:0000692	0.0005846	5.65
48592	HP:0000707	0	1.66
48592	HP:0000811	7.646e-06	10.83
48592	HP:0000812	8.643e-07	14.5
48592	HP:0000818	3.073e-07	16.62
48592	HP:0000873	2.33e-06	12.71
48592	HP:0000924	0	2.21
48592	HP:0000925	0.0009832	5.17
48592	HP:0000998	0.0005263	5.75
48592	HP:0001007	4.579e-05	8.38
48592	HP:0001080	4.579e-05	8.38
48592	HP:0001098	2.196e-05	9.32
48592	HP:0001155	2.001e-05	9.45
48592	HP:0001159	0.0003014	6.3
48592	HP:0001161	0.0001752	6.87
48592	HP:0001162	2.001e-05	9.45
48592	HP:0001167	2.001e-05	9.45
48592	HP:0001288	0.0001956	6.17
48592	HP:0001328	0.0001168	6.67
48592	HP:0001392	2.4e-05	9.2
48592	HP:0001395	2.4e-05	9.2
48592	HP:0001399	0.0002209	6.62
48592	HP:0001410	0.0003247	6.22
48592	HP:0001438	2.4e-05	9.2
48592	HP:0001574	3.073e-07	16.62
48592	HP:0001595	3.073e-07	16.62
48592	HP:0001626	7.646e-06	10.83
48592	HP:0001627	7.646e-06	10.83
48592	HP:0001711	1.488e-05	9.85
48592	HP:0001712	7.646e-06	10.83
48592	HP:0001713	7.646e-06	10.83
48592	HP:0001714	1.819e-05	9.58
48592	HP:0001760	3.114e-05	8.87
48592	HP:0001769	3.114e-05	8.87
48592	HP:0001772	3.651e-05	8.66
48592	HP:0001773	3.114e-05	8.87
48592	HP:0001780	7.068e-05	7.88
48592	HP:0001827	8.643e-07	14.5
48592	HP:0001829	7.068e-05	7.88
48592	HP:0001883	3.114e-05	8.87
48592	HP:0002011	0	2.79
48592	HP:0002012	2.4e-05	9.2
48592	HP:0002086	7.646e-06	10.83
48592	HP:0002088	7.646e-06	10.83
48592	HP:0002099	7.646e-06	10.83
48592	HP:0002141	0.0001956	6.17
48592	HP:0002242	0.0001013	7.46
48592	HP:0002270	0.000121	5.67
48592	HP:0002311	8.643e-07	14.5
48592	HP:0002370	8.643e-07	14.5
48592	HP:0002564	7.646e-06	10.83
48592	HP:0002715	7.646e-06	10.83
48592	HP:0002813	2.001e-05	9.45
48592	HP:0002814	3.114e-05	8.87
48592	HP:0002817	2.001e-05	9.45
48592	HP:0003241	7.646e-06	10.83
48592	HP:0003319	0.0009832	5.17
48592	HP:0004207	2.001e-05	9.45
48592	HP:0004275	2.001e-05	9.45
48592	HP:0004297	0.0009832	5.17
48592	HP:0004328	3.073e-07	16.62
48592	HP:0004329	2.196e-05	9.32
48592	HP:0004362	0.0001013	7.46
48592	HP:0005656	3.114e-05	8.87
48592	HP:0005918	2.001e-05	9.45
48592	HP:0006101	0.0003014	6.3
48592	HP:0006483	0.0003793	6.07
48592	HP:0006493	3.114e-05	8.87
48592	HP:0006494	3.114e-05	8.87
48592	HP:0007703	0.0001013	7.46
48592	HP:0007707	3.073e-07	16.62
48592	HP:0008050	0.000711	5.47
48592	HP:0008051	0.0001013	7.46
48592	HP:0008056	3.073e-07	16.62
48592	HP:0008062	4.275e-05	8.47
48592	HP:0008063	1.953e-06	13.01
48592	HP:0008373	0.0001073	7.39
48592	HP:0008734	7.646e-06	10.83
48592	HP:0008736	0.0001013	7.46
48592	HP:0009115	3.114e-05	8.87
48592	HP:0009121	0.0009832	5.17
48592	HP:0009136	7.068e-05	7.88
48592	HP:0009142	2.001e-05	9.45
48592	HP:0009804	0.0002769	6.39
48592	HP:0009806	3.073e-07	16.62
48592	HP:0009815	3.114e-05	8.87
48592	HP:0009997	0.0002106	6.67
48592	HP:0010442	0.0003793	6.07
48592	HP:0010460	8.643e-07	14.5
48592	HP:0010461	7.646e-06	10.83
48592	HP:0010468	8.54e-06	10.65
48592	HP:0010747	3.073e-07	16.62
48592	HP:0010935	4.579e-05	8.38
48592	HP:0010978	7.646e-06	10.83
48592	HP:0011024	0.0001013	7.46
48592	HP:0011138	3.073e-07	16.62
48592	HP:0011277	4.579e-05	8.38
48592	HP:0011297	2.001e-05	9.45
48592	HP:0011362	4.579e-05	8.38
48592	HP:0011442	0	3.58
48592	HP:0011443	8.643e-07	14.5
48592	HP:0011842	0	2.28
48592	HP:0011844	2.001e-05	9.45
48592	HP:0012210	8.545e-05	7.66
48592	HP:0012211	4.579e-05	8.38
48592	HP:0012243	8.643e-07	14.5
48592	HP:0012252	7.646e-06	10.83
48592	HP:0012331	0.0001013	7.46
48592	HP:0012372	3.073e-07	16.62
48592	HP:0012373	1.488e-05	9.85
48592	HP:0012374	3.073e-07	16.62
48592	HP:0012638	0	1.89
48592	HP:0012639	0	2.47
48592	HP:0012718	0.0001013	7.46
48592	HP:0012759	0.0001168	6.67
48592	HP:0100022	0	4.12
48592	HP:0100259	3.368e-05	8.76
48592	HP:0100326	1.082e-05	10.31
48592	HP:0100691	3.368e-05	8.76
48592	HP:0200006	0.000711	5.47
48726	HP:0000152	0.0003233	7.53
48726	HP:0000234	0.0003233	7.53
48726	HP:0000707	0.0001636	6.57
48726	HP:0000924	0.0003233	7.53
48726	HP:0000929	0.0003233	7.53
48726	HP:0001760	0.0003866	5.53
48726	HP:0001780	0.0003866	5.53
48726	HP:0001831	0.0003866	5.53
48726	HP:0001991	0.0003866	5.53
48726	HP:0002011	0.0001636	6.57
48726	HP:0002118	0.0001636	6.57
48726	HP:0002410	0.0001636	6.57
48726	HP:0002648	0.0003233	7.53
48726	HP:0002676	0.0003233	7.53
48726	HP:0002683	0.0003233	7.53
48726	HP:0002715	1.482e-05	5.06
48726	HP:0002813	0.0003866	5.53
48726	HP:0002814	0.0003866	5.53
48726	HP:0003795	0.0003866	5.53
48726	HP:0006493	0.0003866	5.53
48726	HP:0006494	0.0003866	5.53
48726	HP:0009115	0.0003866	5.53
48726	HP:0009121	0.0003233	7.53
48726	HP:0009815	0.0003866	5.53
48726	HP:0011297	0.0003866	5.53
48726	HP:0011842	0.0003233	7.53
48726	HP:0011844	0.0003866	5.53
48726	HP:0011927	0.0003866	5.53
48726	HP:0012443	0.0001636	6.57
48726	HP:0012639	0.0001636	6.57
49265	HP:0000924	8.494e-05	9.24
49265	HP:0002754	8.494e-05	9.24
49265	HP:0005661	8.494e-05	9.24
49265	HP:0011843	8.494e-05	9.24
49417	HP:0000152	0.0002367	7.61
49417	HP:0000153	0.0002367	7.61
49417	HP:0000163	0.0002367	7.61
49417	HP:0000172	0.0008115	6.21
49417	HP:0000174	0.0002367	7.61
49417	HP:0000175	0.0005796	4.84
49417	HP:0000193	0.0002367	7.61
49417	HP:0000202	0.0005796	4.84
49417	HP:0000234	0.0002367	7.61
49417	HP:0000271	0.0002367	7.61
49417	HP:0000924	0.0001998	6.72
49417	HP:0001155	0.0001998	6.72
49417	HP:0001454	0.0008115	6.21
49417	HP:0002813	0.0001998	6.72
49417	HP:0002817	0.0001998	6.72
49417	HP:0003063	0.0008115	6.21
49417	HP:0004050	0.0001998	6.72
49417	HP:0005927	0.0001998	6.72
49417	HP:0006496	0.0001998	6.72
49417	HP:0009115	0.0001998	6.72
49417	HP:0009815	0.0005442	3.74
49417	HP:0011842	0.0001998	6.72
49417	HP:0011844	0.0001998	6.72
49417	HP:0100736	0.0002367	7.61
49417	HP:0100737	0.0006	4.82
49695	HP:0000478	0	2.73
49695	HP:0000517	0	6.47
49695	HP:0000518	0	6.62
49695	HP:0004328	0	5.02
49695	HP:0010920	1.042e-08	10.62
49695	HP:0012372	0	3.37
49695	HP:0012374	0	3.46
49764	HP:0000707	0	1.49
49764	HP:0001265	0	8.6
49764	HP:0001284	2.267e-08	21.26
49764	HP:0001315	0	6.74
49764	HP:0001324	0	4.9
49764	HP:0002460	0	11.55
49764	HP:0002522	2.267e-08	21.26
49764	HP:0002600	0	28.39
49764	HP:0003011	0	2.41
49764	HP:0003457	0	9.12
49764	HP:0011804	0	2.81
49764	HP:0011805	0	3.64
49764	HP:0012638	0	1.69
49879	HP:0001626	0.0006982	5.65
49879	HP:0001627	0.0006982	5.65
49879	HP:0001646	0.0006982	5.65
49879	HP:0001654	0.0006982	5.65
49879	HP:0002564	0.0006982	5.65
49899	HP:0000478	9.397e-05	9.01
49899	HP:0000479	9.397e-05	9.01
49899	HP:0000546	9.397e-05	9.01
49899	HP:0000655	9.397e-05	9.01
49899	HP:0000924	0.0006166	6
49899	HP:0001098	9.397e-05	9.01
49899	HP:0002813	0.0006166	6
49899	HP:0002814	0.0006166	6
49899	HP:0002823	0.0006166	6
49899	HP:0004329	9.397e-05	9.01
49899	HP:0005930	0.0006166	6
49899	HP:0006499	0.0006166	6
49899	HP:0006500	0.0006166	6
49899	HP:0006505	0.0006166	6
49899	HP:0011314	0.0006166	6
49899	HP:0011842	0.0006166	6
49899	HP:0011844	0.0006166	6
49899	HP:0012372	9.397e-05	9.01
49899	HP:0012374	9.397e-05	9.01
50044	HP:0000707	0.0006617	5.96
50044	HP:0000951	0.0003161	7.47
50044	HP:0001287	0.0006617	5.96
50044	HP:0001392	3.987e-05	10.24
50044	HP:0001438	3.987e-05	10.24
50044	HP:0001574	0.0003161	7.47
50044	HP:0001581	0.0003161	7.47
50044	HP:0002011	0.0006617	5.96
50044	HP:0002012	3.987e-05	10.24
50044	HP:0002086	0.0002286	7.32
50044	HP:0002088	0.0002286	7.32
50044	HP:0002715	3.987e-05	10.24
50044	HP:0002718	0.0003161	7.47
50044	HP:0002719	3.987e-05	10.24
50044	HP:0002722	3.987e-05	10.24
50044	HP:0003549	1.847e-05	9.53
50044	HP:0005406	0.0003161	7.47
50044	HP:0006536	0.0002286	7.32
50044	HP:0010978	3.987e-05	10.24
50044	HP:0011122	0.0003161	7.47
50044	HP:0011123	0.0003161	7.47
50044	HP:0011354	0.0003161	7.47
50044	HP:0011450	0.0006617	5.96
50044	HP:0012252	0.0002286	7.32
50044	HP:0012639	0.0006617	5.96
50044	HP:0100523	3.987e-05	10.24
50044	HP:0100658	1.847e-05	9.53
50156	HP:0000707	0.0002412	5.79
50156	HP:0002011	0.0002412	5.79
50156	HP:0002059	0.0002412	5.79
50156	HP:0002060	0.0002412	5.79
50156	HP:0002120	0.0002412	5.79
50156	HP:0002977	0.0002412	5.79
50156	HP:0007367	0.0002412	5.79
50156	HP:0007369	0.0002412	5.79
50156	HP:0012443	0.0002412	5.79
50156	HP:0012444	0.0002412	5.79
50156	HP:0012639	0.0002412	5.79
50156	HP:0100547	0.0002412	5.79
50353	HP:0000152	0	1.98
50353	HP:0000234	0	2
50353	HP:0000271	0	2.2
50353	HP:0000951	0	2.63
50353	HP:0001574	0	2.29
50447	HP:0001939	0.0004515	5.43
50447	HP:0001941	0.0004515	5.43
50447	HP:0004360	0.0006511	5.15
50494	HP:0000152	4.131e-05	6.94
50494	HP:0000234	4.131e-05	6.94
50494	HP:0000271	4.131e-05	6.94
50494	HP:0000366	4.131e-05	6.94
50494	HP:0000421	4.131e-05	6.94
50494	HP:0000924	7.018e-06	10.62
50494	HP:0001367	7.018e-06	10.62
50494	HP:0001626	7.018e-06	10.62
50494	HP:0001871	7.018e-06	10.62
50494	HP:0001892	7.018e-06	10.62
50494	HP:0001928	5.571e-05	5.59
50494	HP:0001977	3.587e-05	10.34
50494	HP:0002625	3.587e-05	10.34
50494	HP:0003645	5.571e-05	5.59
50494	HP:0004936	3.587e-05	10.34
50494	HP:0005261	7.018e-06	10.62
50494	HP:0011025	7.018e-06	10.62
50494	HP:0011028	7.018e-06	10.62
50494	HP:0011029	7.018e-06	10.62
50494	HP:0011842	7.018e-06	10.62
50729	HP:0001438	0.0003642	6.58
50729	HP:0002012	0.0003642	6.58
50729	HP:0002037	0.0003642	6.58
50729	HP:0002242	0.0003642	6.58
50729	HP:0004386	0.0003642	6.58
50729	HP:0011024	0.0003642	6.58
50729	HP:0012718	0.0003642	6.58
50729	HP:0012719	0.0003642	6.58
50923	HP:0000924	7.119e-05	8.24
50923	HP:0001367	0.0003844	5.3
50923	HP:0001376	0.0003844	5.3
50923	HP:0002644	0.0007426	4.83
50923	HP:0002813	7.119e-05	8.24
50923	HP:0002814	7.119e-05	8.24
50923	HP:0002823	7.119e-05	8.24
50923	HP:0003366	0.0001847	7.13
50923	HP:0003367	7.119e-05	8.24
50923	HP:0011729	0.0003844	5.3
50923	HP:0011842	7.119e-05	8.24
50923	HP:0011844	7.119e-05	8.24
50978	HP:0000924	0.0004945	4.59
50978	HP:0001438	0.0003021	6.19
50978	HP:0001626	0.0003021	6.19
50978	HP:0001627	0.0003021	6.19
50978	HP:0001651	0.0004119	5.94
50978	HP:0001696	0.0003021	6.19
50978	HP:0001760	0.0004945	4.59
50978	HP:0002564	0.0003021	6.19
50978	HP:0002813	0.0004945	4.59
50978	HP:0002814	0.0004945	4.59
50978	HP:0003363	0.0003021	6.19
50978	HP:0004307	0.0003021	6.19
50978	HP:0009136	0.0004945	4.59
50978	HP:0011534	0.0003021	6.19
50978	HP:0011620	0.0003021	6.19
50978	HP:0011842	0.0004945	4.59
50978	HP:0011844	0.0004945	4.59
50985	HP:0000152	0	1.71
50985	HP:0000234	0	1.74
50985	HP:0000271	0	1.9
50985	HP:0000707	0	1.29
50985	HP:0000924	0	1.71
50985	HP:0001574	0	1.98
50985	HP:0007256	0	3.47
50985	HP:0009121	0	2.18
50985	HP:0011442	0	2.77
50985	HP:0011446	0	2.84
50985	HP:0011842	0	1.76
50985	HP:0012638	0	1.46
51011	HP:0000152	0.0001938	6.1
51011	HP:0000153	0.0001938	6.1
51011	HP:0000159	0.0001938	6.1
51011	HP:0000178	0.0001938	6.1
51011	HP:0000234	0.0001938	6.1
51011	HP:0000271	0.0001938	6.1
51011	HP:0000707	0.0001903	7.29
51011	HP:0000759	0.0001903	7.29
51011	HP:0000763	0.0001903	7.29
51011	HP:0000969	0.0008159	4.98
51011	HP:0001438	0	2.98
51011	HP:0001626	7.395e-07	7.58
51011	HP:0001627	0.0004999	4.07
51011	HP:0001633	0.0003779	6.53
51011	HP:0001637	7.395e-07	7.58
51011	HP:0001646	0.0005066	6.22
51011	HP:0001654	0.0005066	6.22
51011	HP:0001939	0	2.69
51011	HP:0002376	0.0004806	4.71
51011	HP:0002564	0.0004217	4.15
51011	HP:0002597	0.0005633	5.26
51011	HP:0006705	0.0003779	6.53
51011	HP:0007256	0.0003053	5.74
51011	HP:0009830	0.0001903	7.29
51011	HP:0010549	0.0003053	5.74
51011	HP:0011004	0.0005633	5.26
51011	HP:0011032	0.0008159	4.98
51011	HP:0011442	0.0003053	5.74
51011	HP:0012638	0.0003053	5.74
51011	HP:0012639	0.0001903	7.29
51011	HP:0012759	0.0004806	4.71
51011	HP:0100022	0.0006175	3.97
51206	HP:0000478	7.073e-08	22.39
51206	HP:0000504	7.073e-08	22.39
51206	HP:0000551	7.073e-08	22.39
51206	HP:0000613	0.0003523	4.51
51206	HP:0000707	0.0003523	4.51
51206	HP:0000708	0.0003523	4.51
51206	HP:0007803	7.073e-08	22.39
51206	HP:0012373	7.073e-08	22.39
51206	HP:0012638	0.0003523	4.51
51230	HP:0000707	2.874e-05	7.99
51230	HP:0001249	9.611e-05	4.62
51230	HP:0001252	9.522e-05	4.63
51230	HP:0001254	2.874e-05	7.99
51230	HP:0001939	1.311e-06	7.85
51230	HP:0001941	1.311e-06	7.85
51230	HP:0001943	0.0001017	6.83
51230	HP:0003011	0	3.41
51230	HP:0003808	9.913e-05	4.6
51230	HP:0004337	1.089e-05	7.56
51230	HP:0004354	0.0003247	4.96
51230	HP:0004360	3.684e-05	5.36
51230	HP:0004372	2.874e-05	7.99
51230	HP:0011013	0.0001017	6.83
51230	HP:0011014	0.0001017	6.83
51230	HP:0011015	0.0001496	6.5
51230	HP:0011446	2.874e-05	7.99
51230	HP:0011804	9.522e-05	4.63
51230	HP:0012638	2.874e-05	7.99
51230	HP:0012759	9.611e-05	4.62
51246	HP:0001939	5.632e-05	7.45
51246	HP:0001941	0.0003793	5.55
51246	HP:0001943	5.632e-05	7.45
51246	HP:0003011	0	2.41
51246	HP:0004360	0.0005137	5.28
51246	HP:0011013	5.632e-05	7.45
51246	HP:0011014	5.632e-05	7.45
51246	HP:0011015	7.777e-05	7.11
51445	HP:0000079	3.545e-05	6.68
51445	HP:0000119	3.545e-05	6.68
51445	HP:0000364	0.0006346	4.16
51445	HP:0000365	0.0006346	4.16
51445	HP:0000478	0.0005217	5.27
51445	HP:0000502	0.0005217	5.27
51445	HP:0000598	0.0006346	4.16
51445	HP:0000924	1.701e-05	9.04
51445	HP:0000943	1.701e-05	9.04
51445	HP:0000951	7.524e-07	10.23
51445	HP:0001014	7.524e-07	10.23
51445	HP:0001438	0.000967	3.52
51445	HP:0001574	7.524e-07	10.23
51445	HP:0001626	0.0001681	6.04
51445	HP:0001627	0.0001681	6.04
51445	HP:0001640	0.0001681	6.04
51445	HP:0001939	0	4.43
51445	HP:0002086	0.0003912	3.69
51445	HP:0002088	0.0003912	3.69
51445	HP:0002597	0.0005217	5.27
51445	HP:0002715	0.0009135	3.9
51445	HP:0003110	3.545e-05	6.68
51445	HP:0003541	3.545e-05	6.68
51445	HP:0004298	0.0006717	5.8
51445	HP:0004371	3.545e-05	6.68
51445	HP:0008047	0.0005217	5.27
51445	HP:0008054	0.0005217	5.27
51445	HP:0010318	0.0006717	5.8
51445	HP:0010991	0.0006717	5.8
51445	HP:0011012	4.204e-05	6.77
51445	HP:0011013	3.545e-05	6.77
51445	HP:0011276	7.524e-07	10.23
51445	HP:0011277	3.545e-05	6.68
51445	HP:0011354	7.524e-07	10.23
51445	HP:0011842	1.701e-05	9.04
51445	HP:0011947	0.0003912	3.69
51445	HP:0012252	0.0003912	3.69
51445	HP:0012372	0.0005217	5.27
51445	HP:0012374	0.0005217	5.27
51569	HP:0001438	0	2.76
51569	HP:0001939	0.0005806	5.92
51569	HP:0001943	0.0005806	5.92
51569	HP:0002012	0.0001457	5.01
51569	HP:0003271	0.0001457	5.01
51569	HP:0011013	0.0005806	5.92
51569	HP:0011014	0.0005806	5.92
51569	HP:0011015	0.0007787	5.63
51905	HP:0000707	0.0002218	6.82
51905	HP:0001392	9.901e-05	8.72
51905	HP:0001438	9.901e-05	8.72
51905	HP:0001939	0.0006511	5.02
51905	HP:0001941	0.0006511	5.02
51905	HP:0002011	0.0002218	6.82
51905	HP:0002012	9.901e-05	8.72
51905	HP:0002171	0.0002218	6.72
51905	HP:0002490	0.0004647	6.82
51905	HP:0002605	9.901e-05	8.72
51905	HP:0002921	0.0004647	6.82
51905	HP:0004360	0.0006511	5.02
51905	HP:0007305	0.0008115	6.21
51905	HP:0011400	0.0008115	6.21
51905	HP:0012447	0.0008115	6.21
51905	HP:0012639	0.0002218	6.82
51905	HP:0100705	0.0006213	5.81
52029	HP:0000707	0	1.66
52029	HP:0012638	0	1.89
52047	HP:0000924	0.0003324	6.67
52047	HP:0001367	0.0003324	6.67
52047	HP:0002829	0.0003324	6.67
52047	HP:0011842	0.0003324	6.67
52058	HP:0000818	0.0001929	7.03
52058	HP:0000864	0.0001929	7.03
52058	HP:0010514	0.0001929	7.03
52058	HP:0011747	0.0001929	7.03
52058	HP:0012503	0.0001929	7.03
52096	HP:0001939	5.689e-05	8.92
52096	HP:0001941	0.0009949	4.98
52096	HP:0001943	0.0001017	6.83
52096	HP:0001987	5.689e-05	8.92
52096	HP:0002157	0.000116	8.01
52096	HP:0004360	0.0009949	4.98
52096	HP:0004364	0.0003992	6.28
52096	HP:0011013	0.0001017	6.83
52096	HP:0011014	0.0006	4.81
52096	HP:0011015	0.0001017	6.83
52113	HP:0000119	0	2.75
52113	HP:0001507	0	2.87
52113	HP:0001939	0.0003523	6.14
52113	HP:0011017	0.0003523	6.14
52343	HP:0000707	0	1.66
52374	HP:0001939	0.0001251	7.77
52374	HP:0001941	0.0001251	7.77
52374	HP:0002151	0.0001251	7.77
52374	HP:0004360	0.0001251	7.77
52402	HP:0000707	0.0001052	7.76
52402	HP:0000951	0.0001847	7.13
52402	HP:0000952	0.0001847	7.13
52402	HP:0001005	0.0001847	7.13
52402	HP:0001259	0.0001052	7.76
52402	HP:0001392	0.0001847	7.13
52402	HP:0001396	0.0004844	6.1
52402	HP:0001397	0.0009679	4.75
52402	HP:0001438	1.875e-05	7.78
52402	HP:0001574	0.0001847	7.13
52402	HP:0001939	0.0001605	5.97
52402	HP:0001941	0.0001605	5.97
52402	HP:0002012	0.0001847	7.13
52402	HP:0002013	1.875e-05	7.78
52402	HP:0002017	9.772e-05	6.36
52402	HP:0004297	0.0001847	7.13
52402	HP:0004360	0.0001605	5.97
52402	HP:0004372	0.0001052	7.76
52402	HP:0011354	0.0001847	7.13
52402	HP:0011446	0.0001052	7.76
52402	HP:0011458	1.875e-05	7.78
52402	HP:0012638	0.0001052	7.76
52440	HP:0000707	0.0002207	7.12
52440	HP:0001254	0.0004496	6.34
52440	HP:0001259	0.0002207	7.12
52440	HP:0001939	2.457e-05	9.58
52440	HP:0001987	3.062e-05	9.58
52440	HP:0002157	6.332e-05	8.62
52440	HP:0004360	2.457e-05	6.62
52440	HP:0004364	0.0001591	6.97
52440	HP:0004372	0.0002207	7.12
52440	HP:0011446	0.0002207	7.12
52440	HP:0012638	0.0002207	7.12
52490	HP:0000152	0	1.98
52490	HP:0000234	0	2
52490	HP:0000240	0	4.13
52490	HP:0000252	0	5.01
52490	HP:0000707	0	1.49
52490	HP:0000924	0	1.97
52490	HP:0000929	0	2.93
52490	HP:0001249	0	3.88
52490	HP:0001250	0	3.42
52490	HP:0001273	0.0001956	6.17
52490	HP:0001274	8.431e-06	9.76
52490	HP:0002011	0	2.5
52490	HP:0002060	0	16.89
52490	HP:0002126	0	16.89
52490	HP:0002269	0	8.92
52490	HP:0002363	1.729e-05	8.82
52490	HP:0002500	0.0003247	5.69
52490	HP:0002536	0	12.2
52490	HP:0002538	0	11.86
52490	HP:0002977	0	3.92
52490	HP:0007362	1.937e-05	8.68
52490	HP:0007364	0	4.63
52490	HP:0007370	8.431e-06	9.76
52490	HP:0009121	0	2.52
52490	HP:0010993	8.431e-06	9.76
52490	HP:0011842	0	2.04
52490	HP:0012443	0	2.78
52490	HP:0012638	0	1.69
52490	HP:0012639	0	2.21
52490	HP:0012758	0	3.84
52490	HP:0012759	0	2.86
52490	HP:0100547	0	3.59
52518	HP:0000707	0	1.66
52518	HP:0001254	8.545e-05	7.66
52518	HP:0001276	0.0007525	4.42
52518	HP:0001939	0	2.27
52518	HP:0001941	3.321e-05	6.66
52518	HP:0003128	1.098e-06	9.82
52518	HP:0004337	8.78e-06	7.79
52518	HP:0004354	0.000423	4.79
52518	HP:0004360	1.098e-06	9.82
52518	HP:0004372	8.545e-05	7.66
52518	HP:0007256	0.0007525	4.42
52518	HP:0011442	0.0007525	4.42
52518	HP:0011443	0.0009361	4.28
52518	HP:0011446	8.545e-05	7.66
52518	HP:0012638	0	1.89
52540	HP:0000364	0.0007807	4.05
52540	HP:0000365	0.0007807	4.05
52540	HP:0000598	0.0007807	4.05
52743	HP:0001939	0	1.76
52768	HP:0000079	0	2.69
52768	HP:0000119	0	2.13
52768	HP:0000707	0	1.29
52768	HP:0000708	0	3.44
52768	HP:0000752	0	8.83
52768	HP:0001249	0	3.36
52768	HP:0001250	0	2.96
52768	HP:0001263	0	4.27
52768	HP:0001438	0	1.95
52768	HP:0001507	0	2.22
52768	HP:0001510	0	2.94
52768	HP:0012638	0	1.46
52768	HP:0012758	0	3.33
52768	HP:0012759	0	2.48
52768	HP:0100022	0	3.19
52768	HP:0100851	0	6.28
52777	HP:0000707	0	1.82
52777	HP:0001252	0	4.76
52777	HP:0001254	0.000221	6.92
52777	HP:0001438	0.0005104	5.09
52777	HP:0001939	0.0001605	5.97
52777	HP:0001941	0.0001605	5.97
52777	HP:0001943	0.0005806	5.92
52777	HP:0003011	0	2.96
52777	HP:0003808	0	4.74
52777	HP:0004360	0.0001605	5.97
52777	HP:0004372	0.000221	6.92
52777	HP:0008872	0.0005104	5.09
52777	HP:0011013	0.0005806	5.92
52777	HP:0011014	0.0005806	5.92
52777	HP:0011015	0.0007787	5.63
52777	HP:0011446	0.000221	6.92
52777	HP:0011458	0.0005104	5.09
52777	HP:0011804	0	3.44
52777	HP:0011968	0.0005104	5.09
52777	HP:0012638	0	2.07
52954	HP:0000707	0	1.49
52954	HP:0012638	0	1.69
52954	HP:0012639	0	2.21
52980	HP:0000152	0	1.98
52980	HP:0000234	0	2
52980	HP:0000240	0	4.13
52980	HP:0000252	0	5.01
52980	HP:0000271	0	2.2
52980	HP:0000478	0	2.06
52980	HP:0000707	0	1.49
52980	HP:0000924	0	1.97
52980	HP:0000929	0	2.93
52980	HP:0002011	0	2.5
52980	HP:0002060	0	5.01
52980	HP:0002977	0	3.92
52980	HP:0007364	0	4.63
52980	HP:0009121	0	2.52
52980	HP:0011842	0	2.04
52980	HP:0012373	0	2.67
52980	HP:0012443	0	2.78
52980	HP:0012638	0	1.69
52980	HP:0012639	0	2.21
52980	HP:0100547	0	3.59
53067	HP:0000152	1.413e-05	11.19
53067	HP:0000234	1.413e-05	11.19
53067	HP:0000235	1.413e-05	11.19
53067	HP:0000271	1.413e-05	11.19
53067	HP:0000290	1.413e-05	11.19
53067	HP:0000707	0.0002169	7.46
53067	HP:0000924	1.413e-05	11.19
53067	HP:0000929	1.413e-05	11.19
53067	HP:0001626	0.0002169	7.46
53067	HP:0002011	0.0002169	7.46
53067	HP:0002597	0.0002169	7.46
53067	HP:0002683	1.413e-05	11.19
53067	HP:0005487	1.413e-05	11.19
53067	HP:0005556	0.0006514	5.55
53067	HP:0009121	1.413e-05	11.19
53067	HP:0009145	0.0002169	7.46
53067	HP:0011004	0.0002169	7.46
53067	HP:0011329	1.413e-05	11.19
53067	HP:0011842	1.413e-05	11.19
53067	HP:0012443	0.0002169	7.46
53067	HP:0012639	0.0002169	7.46
53067	HP:0100659	0.0002169	7.46
53098	HP:0001392	0.0004778	6.28
53098	HP:0001438	0.0004778	6.28
53098	HP:0002012	0.0004778	6.28
53098	HP:0002910	0.0004778	6.28
53187	HP:0000951	0	2.63
53187	HP:0001574	0	2.29
53271	HP:0000077	0	3.58
53271	HP:0000079	0	2.69
53271	HP:0000083	0	7.3
53271	HP:0000119	0	2.13
53271	HP:0001939	0	1.76
53271	HP:0010935	0	3.44
53271	HP:0011277	0	3.91
53271	HP:0012211	0	5.31
53300	HP:0000002	2.594e-05	10.7
53300	HP:0000098	2.594e-05	10.7
53300	HP:0000152	9.051e-06	12.43
53300	HP:0000464	9.051e-06	12.43
53300	HP:0000473	0.000111	8.63
53300	HP:0000707	0.000111	8.63
53300	HP:0000924	6.499e-07	17.73
53300	HP:0000925	0.0001474	8.27
53300	HP:0001155	6.499e-07	17.73
53300	HP:0001324	0.0002411	7.65
53300	HP:0001332	0.000111	8.63
53300	HP:0001367	6.499e-07	17.73
53300	HP:0001371	1.596e-05	11.47
53300	HP:0001382	1.238e-05	9.25
53300	HP:0001507	2.594e-05	10.7
53300	HP:0001533	2.594e-05	10.7
53300	HP:0001871	0.0002411	7.65
53300	HP:0001872	0.0002411	7.65
53300	HP:0001939	0.0002411	7.65
53300	HP:0002086	6.499e-07	17.73
53300	HP:0002791	0.0001474	8.27
53300	HP:0002793	6.499e-07	17.73
53300	HP:0002795	6.499e-07	17.73
53300	HP:0002813	6.499e-07	17.73
53300	HP:0002814	6.499e-07	17.73
53300	HP:0002817	6.499e-07	17.73
53300	HP:0002877	6.499e-07	17.73
53300	HP:0003010	0.0002411	7.65
53300	HP:0003011	1.96e-06	15.31
53300	HP:0003028	6.499e-07	17.73
53300	HP:0003121	1.596e-05	11.47
53300	HP:0003236	0.0002411	7.65
53300	HP:0003306	0.0001474	8.27
53300	HP:0003325	0.0002411	7.65
53300	HP:0003549	1.596e-05	11.47
53300	HP:0003557	5.817e-05	9.51
53300	HP:0003713	1.96e-06	15.31
53300	HP:0003803	3.984e-05	10.06
53300	HP:0004303	1.96e-06	15.31
53300	HP:0004323	2.594e-05	10.7
53300	HP:0004325	2.594e-05	10.7
53300	HP:0004373	0.000371	7.14
53300	HP:0005072	1.238e-05	9.25
53300	HP:0005750	1.596e-05	11.47
53300	HP:0005988	9.051e-06	12.43
53300	HP:0006094	6.499e-07	17.73
53300	HP:0006149	6.499e-07	17.73
53300	HP:0006256	3.166e-06	12.77
53300	HP:0006460	6.499e-07	17.73
53300	HP:0006466	1.596e-05	11.47
53300	HP:0008180	0.0002411	7.65
53300	HP:0009121	0.0001474	8.27
53300	HP:0010876	0.0002411	7.65
53300	HP:0011006	9.051e-06	12.43
53300	HP:0011021	0.0002411	7.65
53300	HP:0011442	0.000111	8.63
53300	HP:0011729	1.238e-05	11.47
53300	HP:0011804	0.0002411	7.65
53300	HP:0011805	1.96e-06	15.31
53300	HP:0011842	6.499e-07	17.73
53300	HP:0011844	6.499e-07	17.73
53300	HP:0012084	0.000111	8.63
53300	HP:0012179	0.0002411	7.65
53300	HP:0012638	0.000111	8.63
53300	HP:0100022	0.000111	8.63
53300	HP:0100491	6.499e-07	17.73
53335	HP:0000152	0.0007027	6.21
53335	HP:0000153	0.0007027	6.21
53335	HP:0000234	0.0007027	6.21
53335	HP:0000271	0.0007027	6.21
53335	HP:0000288	0.0007027	6.21
53335	HP:0000322	0.0007027	6.21
53383	HP:0000707	0.0007484	6.19
53383	HP:0000708	0.0007484	6.19
53383	HP:0000737	0.0007484	6.19
53383	HP:0012638	0.0007484	6.19
53383	HP:0100851	0.0007484	6.19
53448	HP:0000478	0.0009797	5.47
53448	HP:0000481	0.0009797	5.47
53448	HP:0000482	0.0009797	5.47
53448	HP:0000924	0.0003233	5.61
53448	HP:0001120	0.0009797	5.47
53448	HP:0001367	0.0008298	5.61
53448	HP:0001382	0.0008298	5.61
53448	HP:0001388	0.0008298	5.61
53448	HP:0002813	0.0003233	4.36
53448	HP:0002814	0.0003233	4.36
53448	HP:0003011	0.0006382	3.68
53448	HP:0004328	0.0009797	5.47
53448	HP:0011729	0.0008298	5.61
53448	HP:0011842	0.0003233	5.61
53448	HP:0011844	0.0003233	4.36
53448	HP:0012372	0.0009797	5.47
53448	HP:0012374	0.0009797	5.47
53474	HP:0000951	0.0001938	7.97
53474	HP:0000989	0.0002414	6.2
53474	HP:0000991	0.0001938	7.97
53474	HP:0001438	1.592e-05	9.54
53474	HP:0001574	0.0001938	7.97
53474	HP:0001626	0.0002414	6.2
53474	HP:0001939	0.0007785	5.73
53474	HP:0002012	1.592e-05	9.54
53474	HP:0002024	1.592e-05	9.54
53474	HP:0002242	1.592e-05	9.54
53474	HP:0002244	1.592e-05	9.54
53474	HP:0002570	1.592e-05	9.54
53474	HP:0002597	0.0002414	6.2
53474	HP:0002621	0.0002414	6.2
53474	HP:0002630	4.579e-05	8.39
53474	HP:0002634	0.0002414	6.2
53474	HP:0003107	0.0007785	5.73
53474	HP:0003119	0.0007785	5.73
53474	HP:0006704	0.0006947	5.82
53474	HP:0011004	0.0006947	5.82
53474	HP:0011024	1.592e-05	9.54
53474	HP:0011122	0.0002414	6.2
53474	HP:0011354	0.0002414	6.2
53474	HP:0011355	0.0001938	7.97
53474	HP:0012718	1.592e-05	9.54
53649	HP:0000079	1.718e-06	7.92
53649	HP:0000119	0.0007426	3.47
53649	HP:0000152	1.617e-06	8.55
53649	HP:0000234	1.617e-06	8.55
53649	HP:0000271	1.617e-06	8.55
53649	HP:0000280	1.617e-06	8.55
53649	HP:0000707	0	2.47
53649	HP:0000765	0.0002358	5.79
53649	HP:0000772	0.0002358	5.79
53649	HP:0000924	3.14e-06	10.57
53649	HP:0000925	0.0001958	5.92
53649	HP:0000943	3.14e-06	10.57
53649	HP:0001507	0.0004622	3.63
53649	HP:0001547	0.0002358	5.79
53649	HP:0001939	7.339e-07	8.58
53649	HP:0001999	1.617e-06	8.55
53649	HP:0002011	0.0003194	5.71
53649	HP:0002143	0.0003194	5.71
53649	HP:0002196	0.0003194	5.71
53649	HP:0003110	1.718e-06	7.92
53649	HP:0003312	0.0001958	5.92
53649	HP:0003468	0.0001958	5.92
53649	HP:0003541	1.718e-06	7.92
53649	HP:0004371	1.718e-06	7.92
53649	HP:0009121	0.0001958	5.92
53649	HP:0011012	7.339e-07	8.58
53649	HP:0011013	7.339e-07	8.58
53649	HP:0011277	1.718e-06	7.92
53649	HP:0011842	3.14e-06	10.57
53649	HP:0012639	0.0003194	5.71
53901	HP:0000707	0	1.49
53901	HP:0001939	0	2.03
53901	HP:0001941	0.0003793	5.55
53901	HP:0004360	0.0003793	5.55
53901	HP:0012638	0	1.69
54001	HP:0002664	0.0001154	8.44
54001	HP:0002861	0.0001154	8.44
54001	HP:0011792	0.0001154	8.44
54211	HP:0000008	1.587e-05	10.73
54211	HP:0000078	1.587e-05	10.73
54211	HP:0000119	1.587e-05	10.73
54211	HP:0000130	0.0003177	6.85
54211	HP:0000707	0.0005211	6.31
54211	HP:0000812	1.587e-05	10.73
54211	HP:0001438	4.284e-05	9.29
54211	HP:0001626	0.0002941	6.94
54211	HP:0001871	0.0002941	6.94
54211	HP:0001892	0.0002941	6.94
54211	HP:0002012	4.284e-05	9.29
54211	HP:0002076	0.0005211	6.31
54211	HP:0002239	0.0002941	6.94
54211	HP:0002242	4.284e-05	9.29
54211	HP:0002250	0.0008973	5.76
54211	HP:0002315	0.0005211	6.31
54211	HP:0002664	1.587e-05	10.73
54211	HP:0007378	4.284e-05	9.29
54211	HP:0007379	1.587e-05	10.73
54211	HP:0010460	1.587e-05	10.73
54211	HP:0010784	1.587e-05	10.73
54211	HP:0010786	0.0003177	6.85
54211	HP:0010787	0.0002279	7.22
54211	HP:0011024	4.284e-05	9.29
54211	HP:0011025	0.0002941	6.94
54211	HP:0011028	0.0002941	6.94
54211	HP:0011029	0.0002941	6.94
54211	HP:0011792	0.0003919	6.61
54211	HP:0011793	1.587e-05	10.73
54211	HP:0012243	1.587e-05	10.73
54211	HP:0012638	0.0005211	6.31
54211	HP:0012718	4.284e-05	9.29
54211	HP:0012719	0.0002941	6.94
54211	HP:0100242	0.0003919	6.61
54211	HP:0100834	4.284e-05	9.29
54236	HP:0002086	0.0001697	8.16
54236	HP:0002088	0.0001697	8.16
54236	HP:0002664	0.0001697	8.16
54236	HP:0006519	0.0001697	8.16
54236	HP:0011793	0.0001697	8.16
54236	HP:0012252	0.0001697	8.16
54236	HP:0100526	0.0001697	8.16
54236	HP:0100552	0.0002279	7.78
54236	HP:0100606	0.0001697	8.16
54277	HP:0000707	0	1.29
54277	HP:0001939	0	1.76
54277	HP:0002011	0	2.16
54277	HP:0012639	0	1.92
54452	HP:0000707	0.0007358	5.44
54452	HP:0001626	2.4e-05	9.2
54452	HP:0001695	2.4e-05	9.2
54452	HP:0004372	0.0007358	5.44
54452	HP:0011025	2.4e-05	9.2
54452	HP:0011446	0.0007358	5.44
54452	HP:0011675	2.4e-05	9.2
54452	HP:0012638	0.0007358	5.44
54534	HP:0000152	0	1.98
54534	HP:0000234	0	2
54534	HP:0000271	0	2.2
54534	HP:0000478	0	2.06
54534	HP:0000924	0	1.97
54534	HP:0000925	0.0004426	5.41
54534	HP:0000951	0	2.63
54534	HP:0001574	0	2.29
54534	HP:0002808	0.0004426	5.41
54534	HP:0003011	0	2.41
54534	HP:0003330	0.0006466	5.08
54534	HP:0003549	0	3.65
54534	HP:0004348	0.0006466	5.08
54534	HP:0004349	0.0006466	5.08
54534	HP:0009121	0	2.52
54534	HP:0010674	0.0004426	5.41
54534	HP:0011842	0	2.04
54631	HP:0000924	0.0009949	5.65
54631	HP:0001939	0.0001272	7.22
54631	HP:0002659	0.0009949	5.65
54631	HP:0002757	0.0009949	5.65
54631	HP:0003111	0.0008115	4.76
54631	HP:0004363	0.0002279	7.22
54631	HP:0010927	0.0002279	7.22
54631	HP:0010929	0.0001272	6.64
54631	HP:0011843	0.0009949	5.65
54768	HP:0000707	0	1.29
54768	HP:0002011	0	2.16
54768	HP:0012639	0	1.92
54791	HP:0000707	0	1.29
54791	HP:0001252	0	3.37
54791	HP:0003011	0	2.09
54791	HP:0003808	0	3.35
54791	HP:0011804	0	2.44
54791	HP:0012638	0	1.46
54849	HP:0000707	0	1.29
54849	HP:0012638	0	1.46
54862	HP:0000478	0	1.79
54862	HP:0000707	0	1.29
54862	HP:0001252	0	3.37
54862	HP:0001939	0	1.76
54862	HP:0002011	0	2.16
54862	HP:0003011	0	2.09
54862	HP:0003808	0	3.35
54862	HP:0011446	0	2.84
54862	HP:0011804	0	2.44
54862	HP:0012372	0	2.21
54862	HP:0012374	0	2.27
54862	HP:0012443	0	2.41
54862	HP:0012638	0	1.46
54862	HP:0012639	0	1.92
54928	HP:0001626	0.0002411	7.53
54928	HP:0002597	0.0002411	7.53
54928	HP:0100026	0.0002411	7.53
55307	HP:0000152	0	1.98
55307	HP:0000234	0	2
55307	HP:0000240	0	4.13
55307	HP:0000252	0	5.01
55307	HP:0000707	0	1.49
55307	HP:0000924	0	1.97
55307	HP:0000929	0	2.93
55307	HP:0001249	0	3.88
55307	HP:0001250	0	3.42
55307	HP:0001273	0.0001956	6.17
55307	HP:0001274	8.431e-06	9.76
55307	HP:0002011	0	2.5
55307	HP:0002060	0	16.89
55307	HP:0002126	0	16.89
55307	HP:0002269	0	8.92
55307	HP:0002363	1.729e-05	8.82
55307	HP:0002500	0.0003247	5.69
55307	HP:0002536	0	12.2
55307	HP:0002538	0	11.86
55307	HP:0002977	0	3.92
55307	HP:0007362	1.937e-05	8.68
55307	HP:0007364	0	4.63
55307	HP:0007370	8.431e-06	9.76
55307	HP:0009121	0	2.52
55307	HP:0010993	8.431e-06	9.76
55307	HP:0011842	0	2.04
55307	HP:0012443	0	2.78
55307	HP:0012638	0	1.69
55307	HP:0012639	0	2.21
55307	HP:0012758	0	3.84
55307	HP:0012759	0	2.86
55307	HP:0100547	0	3.59
55550	HP:0001871	9.109e-07	5.69
55550	HP:0001881	5.384e-08	9.05
55550	HP:0002715	2.735e-05	4.88
55550	HP:0002846	6.081e-08	8.99
55550	HP:0004332	5.384e-08	9.05
55550	HP:0005368	9.913e-05	4.48
55550	HP:0005372	5.384e-08	9.05
55550	HP:0010701	5.384e-08	9.05
55550	HP:0010978	5.384e-08	9.05
55550	HP:0010987	5.384e-08	9.05
55681	HP:0001939	0.0008115	4.95
55681	HP:0004360	0.0008115	4.95
55729	HP:0000707	0	1.29
55729	HP:0012638	0	1.46
55781	HP:0000478	0.0001245	6.61
55781	HP:0000479	0.0001245	6.61
55781	HP:0000512	0.0001245	6.61
55781	HP:0000707	0	1.49
55781	HP:0000708	0	3.97
55781	HP:0000818	9.214e-05	6.93
55781	HP:0000819	0.0003793	5.55
55781	HP:0001098	0.0001245	6.61
55781	HP:0001507	0.0002844	5.82
55781	HP:0001513	0.0002844	5.82
55781	HP:0001939	0.0003793	5.55
55781	HP:0003117	9.214e-05	6.93
55781	HP:0004323	0.0002844	5.82
55781	HP:0004324	0.0003524	5.62
55781	HP:0004329	0.0001245	6.61
55781	HP:0007703	0.0005373	5.24
55781	HP:0008051	0.0006918	5.03
55781	HP:0011013	0.0003793	5.55
55781	HP:0011014	0.0003793	5.55
55781	HP:0012372	0.0001245	6.61
55781	HP:0012374	0.0001245	6.61
55781	HP:0012638	0	1.69
55856	HP:0000119	0	2.13
55874	HP:0000008	3.795e-06	12.47
55874	HP:0000078	3.795e-06	12.47
55874	HP:0000119	3.795e-06	12.47
55874	HP:0000130	8.432e-05	8.04
55874	HP:0000812	3.795e-06	12.47
55874	HP:0001438	1.063e-05	10.82
55874	HP:0002012	1.063e-05	10.82
55874	HP:0002242	1.063e-05	10.82
55874	HP:0002250	0.0002478	6.79
55874	HP:0002664	3.795e-06	12.47
55874	HP:0007378	0.0005083	6.05
55874	HP:0007379	0.0003963	5.5
55874	HP:0010460	3.795e-06	12.47
55874	HP:0010784	3.795e-06	12.47
55874	HP:0010786	8.432e-05	8.04
55874	HP:0010787	5.909e-05	8.45
55874	HP:0011024	1.063e-05	10.82
55874	HP:0011792	0.0007787	5.63
55874	HP:0011793	3.795e-06	12.47
55874	HP:0012243	3.795e-06	12.47
55874	HP:0012718	1.063e-05	10.82
55874	HP:0100242	0.0001052	7.76
55874	HP:0100834	1.063e-05	10.82
56059	HP:0000079	0.0001927	6.29
56059	HP:0000119	0.0001927	6.29
56059	HP:0000707	0.0003774	6.61
56059	HP:0001250	0.0003774	4.03
56059	HP:0001254	0.0008007	5.87
56059	HP:0001259	0.0003919	6.61
56059	HP:0001939	2.33e-06	8.92
56059	HP:0001987	5.689e-05	8.92
56059	HP:0002157	0.000116	8.01
56059	HP:0003110	0.0001927	6.29
56059	HP:0004337	0.0003043	5.92
56059	HP:0004354	0.0003043	5.92
56059	HP:0004360	2.33e-06	7.47
56059	HP:0004364	0.0003992	6.28
56059	HP:0004372	0.0003919	6.61
56059	HP:0011277	0.0001927	6.29
56059	HP:0011446	0.0003919	6.61
56059	HP:0012072	0.0001927	6.29
56059	HP:0012638	0.0003774	6.61
56112	HP:0000924	0.0006478	4.17
56112	HP:0001760	0.0006478	4.17
56112	HP:0001780	0.0006478	4.17
56112	HP:0001844	0.0006478	4.17
56112	HP:0002664	3.656e-07	6.19
56112	HP:0002813	0.0006478	4.17
56112	HP:0002814	0.0006478	4.17
56112	HP:0011297	0.0006478	4.17
56112	HP:0011842	0.0006478	4.17
56112	HP:0011844	0.0006478	4.17
56204	HP:0000707	0	1.66
56235	HP:0001939	0	2.03
56366	HP:0000951	0.0009269	4.79
56366	HP:0001574	0.0009269	4.79
56366	HP:0001626	0	2.6
56366	HP:0001627	0	3.77
56366	HP:0001646	2.253e-05	8.5
56366	HP:0001654	2.253e-05	8.5
56366	HP:0002564	0	3.83
56366	HP:0002597	0	4.48
56366	HP:0011004	0	7.37
56366	HP:0011276	0.0009269	4.79
56366	HP:0011354	0.0009269	4.79
56436	HP:0000077	0.0003813	4.2
56436	HP:0000079	0.000218	4.47
56436	HP:0000119	0.000218	4.47
56436	HP:0000478	9.666e-09	21.05
56436	HP:0000517	9.666e-09	21.05
56436	HP:0000790	0.0003813	4.2
56436	HP:0001142	9.666e-09	21.05
56436	HP:0001939	0.000218	4.47
56436	HP:0003110	0.000218	4.47
56436	HP:0004328	9.666e-09	21.05
56436	HP:0010935	0.0003813	4.2
56436	HP:0011277	0.000218	4.47
56436	HP:0011501	9.666e-09	21.05
56436	HP:0011526	2.745e-06	10.49
56436	HP:0012211	0.0003813	4.2
56436	HP:0012372	9.666e-09	21.05
56436	HP:0012374	9.666e-09	21.05
56436	HP:0012614	0.000218	4.47
56645	HP:0000079	6.736e-09	15.41
56645	HP:0000119	6.736e-09	15.41
56645	HP:0000707	1.487e-06	9.48
56645	HP:0001252	0.0005373	4.19
56645	HP:0001254	1.487e-06	9.48
56645	HP:0001392	0.000114	5.71
56645	HP:0001397	0.000114	5.71
56645	HP:0001438	0.000114	5.71
56645	HP:0001939	0	3.05
56645	HP:0001941	0.0001324	5.96
56645	HP:0001943	7.418e-06	8.12
56645	HP:0001992	6.736e-09	15.41
56645	HP:0002012	0.000114	5.71
56645	HP:0003011	0.0005373	4.19
56645	HP:0003110	6.736e-09	15.41
56645	HP:0003119	7.073e-08	22.39
56645	HP:0003215	6.736e-09	15.41
56645	HP:0003234	7.073e-08	22.39
56645	HP:0003287	0.0003174	6.95
56645	HP:0003808	0.0005373	4.19
56645	HP:0004354	0.0001876	5.17
56645	HP:0004359	1.138e-05	11.4
56645	HP:0004360	0.0001324	5.96
56645	HP:0004372	1.487e-06	9.48
56645	HP:0010966	7.073e-08	22.39
56645	HP:0010967	7.073e-08	22.39
56645	HP:0010995	6.736e-09	15.41
56645	HP:0011013	7.418e-06	8.12
56645	HP:0011014	7.418e-06	8.12
56645	HP:0011015	1.182e-05	7.73
56645	HP:0011017	7.073e-08	22.39
56645	HP:0011277	6.736e-09	15.41
56645	HP:0011446	1.487e-06	9.48
56645	HP:0011804	0.0009776	3.51
56645	HP:0012072	3.809e-07	9.11
56645	HP:0012103	0.0003765	6.76
56645	HP:0012638	1.487e-06	9.48
57184	HP:0000924	0.0004165	5.65
57184	HP:0001155	0.0004165	5.65
57184	HP:0001166	0.0004165	5.65
57184	HP:0001167	0.0004165	5.65
57184	HP:0001238	0.0004165	5.65
57184	HP:0001626	0.0006624	6
57184	HP:0001679	0.0006624	6
57184	HP:0001724	0.0006624	6
57184	HP:0002597	0.0006624	6
57184	HP:0002813	0.0004165	5.65
57184	HP:0002817	0.0004165	5.65
57184	HP:0005111	0.0006624	6
57184	HP:0011004	0.0006624	6
57184	HP:0011297	0.0004165	5.65
57184	HP:0011842	0.0004165	5.65
57184	HP:0011844	0.0004165	5.65
57184	HP:0100807	0.0004165	5.65
57196	HP:0000014	0.0007946	5.26
57196	HP:0000079	0.0007946	5.26
57196	HP:0000119	0.0007946	5.26
57196	HP:0000478	0.0005425	5.56
57196	HP:0000593	0.0005425	5.56
57196	HP:0000951	7.018e-06	10.82
57196	HP:0000971	2.438e-06	12.17
57196	HP:0000975	2.438e-06	12.17
57196	HP:0001056	0.0003789	5.86
57196	HP:0001574	2.438e-06	12.17
57196	HP:0001597	0.0006028	5.68
57196	HP:0001600	0.0005336	5.3
57196	HP:0001806	0.0008751	5.68
57196	HP:0001808	0.0006028	5.21
57196	HP:0002086	0.0005336	5.3
57196	HP:0002087	0.0005336	5.3
57196	HP:0003341	7.018e-06	10.82
57196	HP:0004328	0.0005425	5.56
57196	HP:0006089	2.438e-06	12.17
57196	HP:0008066	7.018e-06	10.82
57196	HP:0010936	0.0007946	5.26
57196	HP:0011121	7.018e-06	10.82
57196	HP:0011138	2.438e-06	12.17
57196	HP:0011354	7.018e-06	10.82
57196	HP:0011355	0.0003789	5.86
57196	HP:0012252	0.0005336	5.3
57196	HP:0012372	0.0005425	5.56
57196	HP:0012374	0.0005425	5.56
57196	HP:0100577	0.0007946	5.26
57196	HP:0100640	0.0005336	5.3
57302	HP:0000008	0.0003177	6.85
57302	HP:0000023	0.0009484	5.71
57302	HP:0000078	0.0003177	6.85
57302	HP:0000119	0.0003177	6.85
57302	HP:0000130	0.0003177	6.85
57302	HP:0000812	0.0003177	6.85
57302	HP:0000951	0.0002025	5.5
57302	HP:0001438	0.0009484	5.71
57302	HP:0001574	0.0002025	5.5
57302	HP:0001626	0.000114	6.73
57302	HP:0002597	0.000114	6.73
57302	HP:0003549	0.0009484	5.71
57302	HP:0004298	0.0009484	5.71
57302	HP:0004299	0.0009484	5.71
57302	HP:0004414	0.000114	6.73
57302	HP:0004930	0.0001664	6.42
57302	HP:0010460	0.0003177	6.85
57302	HP:0010866	0.0009484	5.71
57302	HP:0011276	0.0002025	5.5
57302	HP:0011354	0.0002025	5.5
57302	HP:0012243	0.0003177	6.85
57302	HP:0100790	0.0009484	5.71
57362	HP:0001438	0	2.25
57362	HP:0001939	0	2.03
57362	HP:0008872	0.0009631	4.76
57362	HP:0011458	0	3.93
57362	HP:0011968	0.0009631	4.76
57424	HP:0002715	5.807e-06	13.16
57424	HP:0002718	5.807e-06	13.16
57424	HP:0002719	5.807e-06	13.16
57424	HP:0004431	5.807e-06	13.16
57424	HP:0005339	1.671e-05	11.34
57424	HP:0005368	5.807e-06	13.16
57424	HP:0005420	7.291e-05	9.16
57424	HP:0005430	5.807e-06	13.16
57424	HP:0010978	5.807e-06	13.16
57440	HP:0000152	0.0001807	6.74
57440	HP:0000153	0.0001807	6.74
57440	HP:0000163	0.0001807	6.74
57440	HP:0000168	0.0001807	6.74
57440	HP:0000234	0.0001807	6.74
57440	HP:0000271	0.0001807	6.74
57501	HP:0000152	0.000184	4.88
57501	HP:0000234	0.000184	4.88
57501	HP:0000271	0.000184	4.88
57501	HP:0000324	0.000184	4.88
57501	HP:0000924	4.593e-06	13.65
57501	HP:0001155	4.275e-05	9.51
57501	HP:0001167	4.275e-05	9.51
57501	HP:0001760	4.593e-06	13.65
57501	HP:0001780	4.593e-06	13.65
57501	HP:0001837	0.000371	7.14
57501	HP:0001844	0.0001474	8.27
57501	HP:0001991	0.0001474	8.27
57501	HP:0001999	0.000184	4.88
57501	HP:0002813	4.593e-06	13.65
57501	HP:0002814	4.593e-06	13.65
57501	HP:0002817	4.275e-05	9.51
57501	HP:0004207	5.817e-05	9.51
57501	HP:0004213	0.0002881	6.35
57501	HP:0004219	5.817e-05	9.51
57501	HP:0005918	4.275e-05	9.51
57501	HP:0006493	0.0001474	8.27
57501	HP:0006494	0.0001474	8.27
57501	HP:0008362	0.0001474	8.27
57501	HP:0009115	0.0001474	8.27
57501	HP:0009815	0.0001474	8.27
57501	HP:0009833	4.275e-05	8.4
57501	HP:0010055	0.000371	7.14
57501	HP:0010161	4.593e-06	13.65
57501	HP:0010173	3.984e-05	10.06
57501	HP:0010183	4.593e-06	13.65
57501	HP:0010194	4.593e-06	13.65
57501	HP:0010760	0.0001474	8.27
57501	HP:0011297	4.593e-06	13.65
57501	HP:0011842	4.593e-06	13.65
57501	HP:0011844	4.593e-06	13.65
57535	HP:0002715	5.349e-07	17.89
57535	HP:0002718	5.349e-07	17.89
57535	HP:0002719	5.349e-07	17.89
57535	HP:0005381	5.349e-07	17.89
57535	HP:0005420	5.349e-07	17.89
57535	HP:0005430	2.535e-06	14.55
57535	HP:0010978	5.349e-07	17.89
57581	HP:0000152	0.0003273	4.97
57581	HP:0000234	0.0003273	4.97
57581	HP:0000277	0.0007785	4.4
57581	HP:0000478	4.43e-06	11.66
57581	HP:0000517	4.43e-06	11.66
57581	HP:0000924	0	2.21
57581	HP:0000929	0.0003273	4.97
57581	HP:0001083	4.43e-06	11.66
57581	HP:0001626	7.068e-05	7.88
57581	HP:0001627	7.068e-05	7.88
57581	HP:0001629	0.0005263	5.75
57581	HP:0001631	0.0005645	5.68
57581	HP:0001633	7.068e-05	7.88
57581	HP:0001646	9.611e-05	7.52
57581	HP:0001654	9.611e-05	7.52
57581	HP:0001671	7.394e-05	6.04
57581	HP:0001713	0.0005263	5.75
57581	HP:0002086	9.611e-05	7.52
57581	HP:0002087	9.611e-05	7.52
57581	HP:0002564	7.068e-05	7.88
57581	HP:0002778	9.611e-05	7.52
57581	HP:0004328	4.43e-06	11.66
57581	HP:0005120	0.0005645	5.68
57581	HP:0005607	0.0003247	6.22
57581	HP:0006705	7.068e-05	7.88
57581	HP:0009115	0	4.83
57581	HP:0009116	0.0004496	4.75
57581	HP:0009118	0.0003273	4.97
57581	HP:0009121	0.0003273	4.97
57581	HP:0009122	0.0003273	4.97
57581	HP:0010438	0.0005263	5.75
57581	HP:0011821	0.0003273	4.97
57581	HP:0011842	0	2.28
57581	HP:0011994	0.0005645	5.68
57581	HP:0012252	9.611e-05	7.52
57581	HP:0012372	4.43e-06	11.66
57581	HP:0012374	4.43e-06	11.66
57586	HP:0000152	0.0003765	6.76
57586	HP:0000234	0.0003765	6.76
57586	HP:0000245	0.0008453	5.9
57586	HP:0000246	0.0003765	6.76
57586	HP:0000271	0.0009626	5.77
57586	HP:0000366	0.0009626	5.77
57586	HP:0000600	0.0009626	5.77
57586	HP:0000924	0.0003765	6.76
57586	HP:0000929	0.0003765	6.76
57586	HP:0001438	0.000386	5.24
57586	HP:0001739	0.0009626	5.77
57586	HP:0001743	0.000386	5.24
57586	HP:0001744	0.000386	5.24
57586	HP:0001871	2.389e-07	9.47
57586	HP:0001881	1.281e-05	5.98
57586	HP:0002012	0.000386	5.24
57586	HP:0002086	3.26e-05	9.81
57586	HP:0002088	3.26e-05	9.81
57586	HP:0002090	3.26e-05	9.81
57586	HP:0002205	3.26e-05	9.81
57586	HP:0002715	5.532e-08	10.63
57586	HP:0002719	3.26e-05	9.81
57586	HP:0002733	5.532e-08	10.63
57586	HP:0002783	3.26e-05	9.81
57586	HP:0002846	2.591e-07	9.41
57586	HP:0003271	0.000386	5.24
57586	HP:0004332	2.389e-07	9.47
57586	HP:0005368	2.389e-07	9.47
57586	HP:0005372	2.389e-07	9.47
57586	HP:0006532	3.26e-05	9.81
57586	HP:0009121	0.0003765	6.76
57586	HP:0010701	2.389e-07	9.47
57586	HP:0010978	0.0001324	4.85
57586	HP:0010987	1.281e-05	5.98
57586	HP:0011821	0.0003765	6.76
57586	HP:0011842	0.0003765	6.76
57586	HP:0011947	3.26e-05	9.81
57586	HP:0012252	3.26e-05	9.81
57586	HP:0100763	5.532e-08	10.63
57603	HP:0000478	0.0001411	6.21
57603	HP:0000517	0.0001411	5.56
57603	HP:0000591	0.0007517	6.21
57603	HP:0000592	0.0007517	6.21
57603	HP:0000924	0.0002937	4.7
57603	HP:0000951	3.871e-07	18.58
57603	HP:0000977	2.45e-05	10.56
57603	HP:0000978	0.0004532	5.97
57603	HP:0000987	3.871e-07	18.58
57603	HP:0000993	4.454e-05	8.42
57603	HP:0001030	1.785e-05	11.05
57603	HP:0001073	3.871e-07	18.58
57603	HP:0001075	3.276e-05	10.13
57603	HP:0001083	0.0001411	5.56
57603	HP:0001367	0.0002937	4.7
57603	HP:0001369	0.0002937	4.7
57603	HP:0001438	0.0003203	5.31
57603	HP:0001574	3.871e-07	18.58
57603	HP:0001626	1.632e-07	12.42
57603	HP:0001627	1.632e-07	12.42
57603	HP:0001633	1.745e-05	7.93
57603	HP:0001634	1.632e-07	12.42
57603	HP:0001679	8.667e-05	8.79
57603	HP:0001724	8.667e-05	8.79
57603	HP:0001871	0.0004532	5.97
57603	HP:0001892	0.0004532	5.97
57603	HP:0001933	0.0004532	5.97
57603	HP:0002564	1.632e-07	12.42
57603	HP:0002597	4.275e-05	9.74
57603	HP:0002624	4.275e-05	9.74
57603	HP:0002813	0.0003919	4.38
57603	HP:0003549	3.871e-07	18.58
57603	HP:0004298	0.0003203	5.31
57603	HP:0004299	0.0003203	5.31
57603	HP:0004328	0.0001411	5.56
57603	HP:0004334	3.871e-07	18.58
57603	HP:0005111	8.667e-05	8.79
57603	HP:0005293	4.275e-05	9.74
57603	HP:0006705	0.0008829	4.36
57603	HP:0008065	3.871e-07	18.58
57603	HP:0010647	2.45e-05	10.56
57603	HP:0010866	0.0003313	5.29
57603	HP:0011004	8.667e-05	8.79
57603	HP:0011121	2.45e-05	10.56
57603	HP:0011276	0.0004532	5.97
57603	HP:0011297	0.0003919	4.38
57603	HP:0011354	3.871e-07	18.58
57603	HP:0011355	3.871e-07	18.58
57603	HP:0011842	0.0002937	4.7
57603	HP:0011844	0.0003919	4.38
57603	HP:0012372	0.0001411	6.21
57603	HP:0012374	0.0001411	6.21
57603	HP:0100699	3.871e-07	18.58
57603	HP:0100790	0.0003203	5.31
57630	HP:0000008	0.000628	6
57630	HP:0000078	0.000628	6
57630	HP:0000119	0.000628	6
57630	HP:0000140	0.000628	6
57630	HP:0000707	0.0001862	5.36
57630	HP:0000812	0.000628	6
57630	HP:0000818	0.000628	6
57630	HP:0000924	4.958e-07	11.69
57630	HP:0001367	4.958e-07	11.69
57630	HP:0001626	0	3.44
57630	HP:0001871	1.188e-11	27.67
57630	HP:0001892	3.18e-07	8.12
57630	HP:0001928	9.567e-09	10.69
57630	HP:0001977	0.0001335	6.11
57630	HP:0002011	0.0001862	5.36
57630	HP:0002086	1.718e-06	12.11
57630	HP:0002088	1.718e-06	12.11
57630	HP:0002204	1.718e-06	12.11
57630	HP:0002597	0.0001862	5.36
57630	HP:0002625	1.851e-10	27.67
57630	HP:0003256	1.188e-11	17.57
57630	HP:0004936	1.152e-07	14.31
57630	HP:0005261	4.958e-07	11.69
57630	HP:0008373	0.000628	6
57630	HP:0010460	0.000628	6
57630	HP:0011025	4.958e-07	11.69
57630	HP:0011028	5.318e-07	9.63
57630	HP:0011029	4.958e-07	11.69
57630	HP:0011842	4.958e-07	11.69
57630	HP:0012243	0.000628	6
57630	HP:0012252	1.718e-06	12.11
57630	HP:0012443	0.0001862	5.36
57630	HP:0012639	0.0001862	5.36
57630	HP:0100659	0.0001862	5.36
57716	HP:0000032	0.0003875	7.18
57716	HP:0000035	0.0003875	7.18
57716	HP:0000078	0.0003875	7.18
57716	HP:0000119	0.0003875	7.18
57716	HP:0000811	0.0003875	7.18
57716	HP:0002664	0.0003875	7.18
57716	HP:0007379	0.0003875	7.18
57716	HP:0010461	0.0003875	7.18
57716	HP:0010785	0.0003875	7.18
57716	HP:0010787	0.0003875	7.18
57716	HP:0010788	0.0003875	7.18
57716	HP:0011793	0.0003875	7.18
57716	HP:0012243	0.0003875	7.18
57850	HP:0000478	0.0001523	8.33
57850	HP:0000525	0.0001523	8.33
57850	HP:0000553	0.0001523	8.33
57850	HP:0001088	0.0001523	8.33
57850	HP:0001252	8.194e-06	12.77
57850	HP:0001319	8.194e-06	12.77
57850	HP:0003011	8.194e-06	12.77
57850	HP:0003808	8.194e-06	12.77
57850	HP:0004328	0.0001523	8.33
57850	HP:0008034	0.0001523	8.33
57850	HP:0008935	8.194e-06	12.77
57850	HP:0011804	8.194e-06	12.77
57850	HP:0012372	0.0001523	8.33
57850	HP:0012374	0.0001523	8.33
57889	HP:0000152	0.000192	7.43
57889	HP:0000234	0.0002279	7.22
57889	HP:0000464	0.000192	7.43
57889	HP:0000465	0.000192	7.43
57889	HP:0000707	4.284e-05	9.29
57889	HP:0000924	4.284e-05	9.29
57889	HP:0000925	4.284e-05	9.29
57889	HP:0000951	0.00063	6.12
57889	HP:0000953	0.00063	6.12
57889	HP:0001000	0.00063	6.12
57889	HP:0001574	0.0002279	7.22
57889	HP:0001595	0.0002279	7.22
57889	HP:0001965	0.0002279	7.22
57889	HP:0002011	4.284e-05	9.29
57889	HP:0002143	4.284e-05	9.29
57889	HP:0002162	0.0002279	7.22
57889	HP:0002414	0.0009484	5.71
57889	HP:0003298	4.284e-05	9.29
57889	HP:0007400	0.00063	6.12
57889	HP:0009121	4.284e-05	9.29
57889	HP:0009553	0.0007125	5.99
57889	HP:0010301	0.0009949	5.65
57889	HP:0010720	0.0002279	7.22
57889	HP:0011121	0.00063	6.12
57889	HP:0011138	0.0002279	7.22
57889	HP:0011354	0.00063	6.12
57889	HP:0011361	0.0008973	5.76
57889	HP:0011842	4.284e-05	9.29
57889	HP:0012639	4.284e-05	9.29
57889	HP:0100037	0.0002279	7.22
57903	HP:0000924	0.0005116	6.81
57903	HP:0001155	0.0005116	6.81
57903	HP:0001176	0.0005116	6.81
57903	HP:0001871	0.0002972	6.05
57903	HP:0001881	0.0002972	6.05
57903	HP:0001909	0.0002972	6.05
57903	HP:0002488	0.0002972	6.05
57903	HP:0002664	0.0002972	6.05
57903	HP:0002715	0.0002972	6.05
57903	HP:0002813	0.0005116	6.81
57903	HP:0002817	0.0005116	6.81
57903	HP:0004377	0.0002972	6.05
57903	HP:0005922	0.0005116	6.81
57903	HP:0010987	0.0002972	6.05
57903	HP:0011793	0.0002972	6.05
57903	HP:0011842	0.0005116	6.81
57903	HP:0011844	0.0005116	6.81
57997	HP:0000152	1.42e-06	14.93
57997	HP:0000211	1.42e-06	14.93
57997	HP:0000234	1.42e-06	14.93
57997	HP:0000271	0.0009695	4.75
57997	HP:0000275	0.0009695	4.75
57997	HP:0000277	1.42e-06	14.93
57997	HP:0000924	1.966e-07	19.36
57997	HP:0000929	1.42e-06	14.93
57997	HP:0001367	1.966e-07	19.36
57997	HP:0001371	1.966e-07	19.36
57997	HP:0001373	5.874e-05	7.32
57997	HP:0001384	5.515e-05	7.38
57997	HP:0001626	0.0001753	7.53
57997	HP:0001627	0.0001753	7.53
57997	HP:0001637	0.0001753	7.53
57997	HP:0001638	0.0001753	7.53
57997	HP:0001644	0.0001753	7.53
57997	HP:0001760	8.431e-06	11.73
57997	HP:0001832	8.431e-06	11.73
57997	HP:0001840	8.431e-06	11.73
57997	HP:0001999	0.0009695	4.75
57997	HP:0002564	0.0001753	7.53
57997	HP:0002644	1.466e-05	8.66
57997	HP:0002803	1.966e-07	19.36
57997	HP:0002813	8.431e-06	11.73
57997	HP:0002814	8.431e-06	11.73
57997	HP:0002827	1.466e-05	8.66
57997	HP:0003011	1.966e-07	19.36
57997	HP:0003272	1.466e-05	8.66
57997	HP:0003549	1.966e-07	19.36
57997	HP:0004303	2.031e-06	14.22
57997	HP:0005684	1.966e-07	19.36
57997	HP:0009121	1.42e-06	14.93
57997	HP:0011729	1.966e-07	19.36
57997	HP:0011805	0.0001958	4.31
57997	HP:0011821	1.42e-06	14.93
57997	HP:0011842	1.966e-07	19.36
57997	HP:0011844	8.431e-06	11.73
57997	HP:0100299	2.031e-06	14.22
57997	HP:0100491	1.466e-05	8.66
58113	HP:0001939	0	1.76
58113	HP:0003119	0	8.6
63380	HP:0000707	0	1.66
63451	HP:0001626	0	2.25
63451	HP:0003011	0	2.09
63451	HP:0003549	0	3.16
63451	HP:0011804	0	2.44
63451	HP:0011805	0	3.15
63712	HP:0000707	0	2.35
63712	HP:0000759	3.79e-08	24.54
63712	HP:0000924	9.769e-06	9.43
63712	HP:0001197	8.528e-06	9.58
63712	HP:0001324	3.79e-08	24.54
63712	HP:0001367	9.769e-06	9.43
63712	HP:0001371	9.769e-06	9.43
63712	HP:0001557	4.633e-05	7.82
63712	HP:0001558	8.528e-06	9.58
63712	HP:0001608	8.016e-06	12.12
63712	HP:0001612	8.016e-06	12.12
63712	HP:0002086	3.79e-08	24.54
63712	HP:0002088	3.79e-08	24.54
63712	HP:0002093	3.79e-08	24.54
63712	HP:0002374	2.457e-05	8.39
63712	HP:0002747	3.79e-08	24.54
63712	HP:0002795	3.79e-08	24.54
63712	HP:0002803	3.16e-05	8.2
63712	HP:0002804	9.769e-06	9.43
63712	HP:0003011	3.79e-08	24.54
63712	HP:0003324	9.913e-05	8.42
63712	HP:0003388	7.471e-05	8.79
63712	HP:0003391	4.275e-05	9.53
63712	HP:0003398	8.016e-06	12.12
63712	HP:0003436	3.79e-08	24.54
63712	HP:0003443	2.819e-07	18.96
63712	HP:0003473	8.016e-06	12.12
63712	HP:0003549	9.769e-06	9.43
63712	HP:0003701	4.275e-05	9.53
63712	HP:0004302	0.0004347	4.77
63712	HP:0004303	1.718e-06	14.92
63712	HP:0004347	3.79e-08	24.54
63712	HP:0004889	3.79e-08	24.54
63712	HP:0011729	9.769e-06	9.43
63712	HP:0011804	3.79e-08	24.54
63712	HP:0011805	1.718e-06	14.92
63712	HP:0011842	9.769e-06	9.43
63712	HP:0012252	3.79e-08	24.54
63712	HP:0012638	0	2.67
63712	HP:0012639	3.79e-08	24.54
63712	HP:0100022	2.457e-05	8.39
63712	HP:0100295	1.718e-06	14.92
63748	HP:0000152	8.163e-05	6.31
63748	HP:0000234	8.163e-05	6.31
63748	HP:0000271	8.163e-05	6.31
63748	HP:0000272	8.163e-05	6.31
63748	HP:0000309	0.0009832	3.95
63748	HP:0000924	3.26e-05	9.81
63748	HP:0001760	3.26e-05	9.81
63748	HP:0001780	3.26e-05	9.81
63748	HP:0001852	3.26e-05	9.81
63748	HP:0001999	8.163e-05	6.31
63748	HP:0002813	3.26e-05	9.81
63748	HP:0002814	3.26e-05	9.81
63748	HP:0005557	0.0001272	5.99
63748	HP:0011297	3.26e-05	9.81
63748	HP:0011842	3.26e-05	9.81
63748	HP:0011844	3.26e-05	9.81
63748	HP:0012369	9.611e-05	6.19
63763	HP:0000152	0	1.71
63763	HP:0000234	0	1.74
63763	HP:0000707	0	1.29
63763	HP:0000924	0	1.71
63763	HP:0001438	0	1.95
63763	HP:0001626	0	2.25
63763	HP:0002011	0	2.16
63763	HP:0002012	0	2.34
63763	HP:0012443	0	2.41
63763	HP:0012639	0	1.92
63763	HP:0100547	0	3.11
64268	HP:0000152	0	1.98
64268	HP:0000153	0	3.01
64268	HP:0000163	0	3.4
64268	HP:0000234	0	2
64268	HP:0000245	4.993e-06	10.5
64268	HP:0000246	4.993e-06	10.5
64268	HP:0000271	0	2.2
64268	HP:0000478	0	2.06
64268	HP:0000924	0	1.97
64268	HP:0000929	0	2.93
64268	HP:0000951	0.0009269	4.79
64268	HP:0001438	0.0007847	4.92
64268	HP:0001574	0.0009269	4.79
64268	HP:0001743	0.0007847	4.92
64268	HP:0001744	0.0007847	4.92
64268	HP:0001939	0.0001787	6.26
64268	HP:0002012	0.0007847	4.92
64268	HP:0002086	0.000817	4.89
64268	HP:0002088	0.000817	4.89
64268	HP:0002205	0.000817	4.89
64268	HP:0002715	2.535e-05	8.35
64268	HP:0002716	2.535e-05	8.35
64268	HP:0002719	0.000817	4.89
64268	HP:0002733	3.368e-05	8.02
64268	HP:0003271	0.0007847	4.92
64268	HP:0004370	0.0001787	6.26
64268	HP:0009121	0	2.52
64268	HP:0010978	0.000817	4.89
64268	HP:0011276	0.0009269	4.79
64268	HP:0011354	0.0009269	4.79
64268	HP:0011821	0	4.66
64268	HP:0011842	0	2.04
64268	HP:0011947	0.0009791	4.74
64268	HP:0012252	0.000817	4.89
64268	HP:0012373	0	2.67
64268	HP:0100763	2.535e-05	8.35
64356	HP:0000924	0	2.21
64356	HP:0011842	0	2.28
64593	HP:0000152	4.152e-07	14.45
64593	HP:0000153	4.152e-07	14.45
64593	HP:0000163	4.152e-07	14.45
64593	HP:0000164	4.633e-05	9.93
64593	HP:0000234	4.152e-07	14.45
64593	HP:0000271	4.152e-07	14.45
64593	HP:0000478	1.019e-06	9.88
64593	HP:0000481	1.019e-06	9.88
64593	HP:0000517	0.0007847	4.38
64593	HP:0000518	0.0007847	4.38
64593	HP:0000695	4.633e-05	9.93
64593	HP:0000924	5.943e-13	18.18
64593	HP:0000951	5.943e-13	18.18
64593	HP:0000962	4.261e-12	10.88
64593	HP:0000972	5.943e-13	18.18
64593	HP:0001072	8.291e-10	8.83
64593	HP:0001131	1.019e-06	9.88
64593	HP:0001155	5.943e-13	18.18
64593	HP:0001574	5.943e-13	18.18
64593	HP:0001595	6.234e-07	8.23
64593	HP:0001596	6.234e-07	8.23
64593	HP:0001597	0.0007194	3.68
64593	HP:0001600	0.000379	6.39
64593	HP:0001601	0.000379	6.39
64593	HP:0002086	0.000379	6.39
64593	HP:0002087	0.000379	6.39
64593	HP:0002664	0.0002218	5.12
64593	HP:0002745	4.152e-07	14.45
64593	HP:0002813	5.943e-13	18.18
64593	HP:0002817	5.943e-13	18.18
64593	HP:0004328	1.019e-06	9.88
64593	HP:0006288	0.0002286	7.79
64593	HP:0006292	4.633e-05	9.93
64593	HP:0007431	2.018e-06	15.41
64593	HP:0007475	2.018e-06	15.41
64593	HP:0007556	0.0006741	4.32
64593	HP:0008064	2.018e-06	15.41
64593	HP:0008066	5.938e-06	6.47
64593	HP:0008069	0.0002218	5.12
64593	HP:0010765	0.0003313	4.64
64593	HP:0011121	5.943e-13	18.18
64593	HP:0011138	0.0008397	3.4
64593	HP:0011354	5.943e-13	18.18
64593	HP:0011356	5.943e-13	18.18
64593	HP:0011362	6.234e-07	8.23
64593	HP:0011363	0.000866	5.07
64593	HP:0011368	1.604e-10	9.44
64593	HP:0011793	0.0002218	5.12
64593	HP:0011830	4.152e-07	14.45
64593	HP:0011842	5.943e-13	18.18
64593	HP:0011844	5.943e-13	18.18
64593	HP:0012252	0.000379	6.39
64593	HP:0012372	1.019e-06	9.88
64593	HP:0012374	1.019e-06	9.88
64593	HP:0100871	4.847e-05	4.53
64593	HP:0100872	2.376e-10	13.15
69179	HP:0000951	0.0008459	5.82
69179	HP:0000978	0.0008459	5.82
69179	HP:0001574	0.0008459	5.82
69179	HP:0001871	6.689e-06	12.13
69179	HP:0001872	6.689e-06	12.13
69179	HP:0001892	0.0008459	5.82
69179	HP:0001933	0.0008459	5.82
69179	HP:0003010	6.689e-06	12.13
69179	HP:0011276	0.0008459	5.82
69179	HP:0011354	0.0008459	5.82
69593	HP:0000152	0	1.71
69593	HP:0000234	0	1.74
69593	HP:0000271	0	1.9
69593	HP:0000277	0	4.43
69593	HP:0000707	0	1.29
69593	HP:0000924	0	1.71
69593	HP:0000929	0	2.53
69593	HP:0001507	0	2.22
69593	HP:0002813	0	2.57
69593	HP:0002814	0	3.15
69593	HP:0003011	0	2.09
69593	HP:0003549	0	3.16
69593	HP:0009121	0	2.18
69593	HP:0011805	0	3.15
69593	HP:0011821	0	4.04
69593	HP:0011842	0	1.76
69593	HP:0011844	0	2.55
69593	HP:0012638	0	1.46
69593	HP:0012639	0	1.92
69687	HP:0000152	0	1.71
69687	HP:0000153	0	2.61
69687	HP:0000163	0	2.94
69687	HP:0000234	0	1.74
69687	HP:0000271	0	1.9
69687	HP:0001438	0	1.95
69687	HP:0001871	0	2.92
69687	HP:0002012	0	2.34
69687	HP:0011024	0	3.26
74650	HP:0001438	0	1.95
74650	HP:0001939	0	1.76
74650	HP:0002012	0	2.34
75399	HP:0000152	0	1.71
75399	HP:0000153	0	2.61
75399	HP:0000234	0	1.74
75399	HP:0000271	0	1.9
75399	HP:0000924	0	1.71
75399	HP:0000951	0	2.28
75399	HP:0001155	0	3.25
75399	HP:0001438	0	1.95
75399	HP:0001507	0	2.22
75399	HP:0001574	0	1.98
75399	HP:0002813	0	2.57
75399	HP:0002817	0	3.17
75399	HP:0011121	0	3.54
75399	HP:0011138	0	3.27
75399	HP:0011354	0	2.63
75399	HP:0011842	0	1.76
75399	HP:0011844	0	2.55
75553	HP:0000152	0	1.71
75553	HP:0000234	0	1.74
75553	HP:0000271	0	1.9
75553	HP:0000284	0	3.11
75553	HP:0000359	0	4.03
75553	HP:0000364	0	3.12
75553	HP:0000365	0	3.17
75553	HP:0000407	0	4.15
75553	HP:0000478	0	1.79
75553	HP:0000492	0	3.88
75553	HP:0000499	0	8.83
75553	HP:0000598	0	2.44
75553	HP:0000606	0	3.56
75553	HP:0000924	0	1.71
75553	HP:0000925	0	3.32
75553	HP:0000969	0	6.08
75553	HP:0001574	0	1.98
75553	HP:0001595	0	3.74
75553	HP:0001626	0	2.25
75553	HP:0001627	0	3.26
75553	HP:0001939	0	1.76
75553	HP:0002564	0	3.32
75553	HP:0003011	0	2.09
75553	HP:0009121	0	2.18
75553	HP:0011032	0	5.5
75553	HP:0011138	0	3.27
75553	HP:0011389	0	4.06
75553	HP:0011804	0	2.44
75553	HP:0011842	0	1.76
75553	HP:0012372	0	2.21
75553	HP:0012374	0	2.27
81296	HP:0000822	0.0002652	7.63
81296	HP:0000924	0.0003842	6.39
81296	HP:0001392	0.0002652	7.63
81296	HP:0001409	0.0002652	7.63
81296	HP:0001438	0.0001983	7.63
81296	HP:0001541	0.0005217	6.11
81296	HP:0001626	0.0002652	7.63
81296	HP:0001760	0.0003842	6.39
81296	HP:0001832	0.0003842	6.39
81296	HP:0001964	0.0005217	6.11
81296	HP:0002012	0.0001983	7.63
81296	HP:0002031	0.0001983	6.16
81296	HP:0002040	0.0001983	6.16
81296	HP:0002813	0.0003842	6.39
81296	HP:0002814	0.0003842	6.39
81296	HP:0003026	0.0003842	6.39
81296	HP:0006493	0.0003842	6.39
81296	HP:0006494	0.0003842	6.39
81296	HP:0006707	0.0004622	6.96
81296	HP:0009115	0.0003842	6.39
81296	HP:0009815	0.0003842	6.39
81296	HP:0010743	0.0003842	6.39
81296	HP:0011024	0.0001983	6.16
81296	HP:0011025	0.0002652	7.63
81296	HP:0011314	0.0003842	6.39
81296	HP:0011842	0.0003842	6.39
81296	HP:0011844	0.0003842	6.39
81296	HP:0012718	0.0001983	6.16
81321	HP:0000818	0.0001076	6.4
81321	HP:0000864	0.0001076	6.4
81321	HP:0011747	0.0001076	6.4
81321	HP:0012503	0.000132	6.27
81324	HP:0000707	1.718e-06	9.15
81324	HP:0000759	0.0002682	6.26
81324	HP:0000763	0.0002682	6.26
81324	HP:0001250	1.718e-06	8.9
81324	HP:0001279	0.0009607	5.26
81324	HP:0001626	0.0003464	6.55
81324	HP:0001649	0.0003464	6.55
81324	HP:0001692	0.0003464	6.55
81324	HP:0001939	0.0001272	7.5
81324	HP:0001962	0.0005339	5.03
81324	HP:0002069	4.409e-06	8.87
81324	HP:0002197	0.0007787	4.83
81324	HP:0002900	0.0001272	7.5
81324	HP:0003111	0.0001272	7.5
81324	HP:0003401	0.0002682	6.26
81324	HP:0003470	8.641e-05	9.15
81324	HP:0003768	8.641e-05	9.15
81324	HP:0004755	0.0003464	6.55
81324	HP:0005110	0.0003464	6.55
81324	HP:0005115	0.0003464	6.55
81324	HP:0007359	1.718e-06	8.9
81324	HP:0009830	0.0002682	6.26
81324	HP:0010929	0.0001272	7.5
81324	HP:0010930	0.0001272	7.5
81324	HP:0011025	0.0003464	6.55
81324	HP:0011042	0.000754	5.85
81324	HP:0011146	0.0004856	5.96
81324	HP:0011442	8.641e-05	9.15
81324	HP:0011675	0.0003464	6.55
81324	HP:0012638	1.718e-06	9.15
81324	HP:0012639	0.0002682	6.26
81340	HP:0000079	3.806e-06	11.9
81340	HP:0000119	3.806e-06	11.9
81340	HP:0001939	3.399e-06	11.9
81340	HP:0003110	3.806e-06	11.9
81340	HP:0003111	7.354e-06	7.96
81340	HP:0004363	2.196e-05	9.32
81340	HP:0010927	2.196e-05	9.32
81340	HP:0010929	3.399e-06	8.67
81340	HP:0011277	3.806e-06	11.9
81340	HP:0012591	3.806e-06	11.9
81837	HP:0000152	0	1.98
81837	HP:0000234	0	2
81837	HP:0000271	0	2.2
81837	HP:0001871	0.0001607	6.36
81837	HP:0001872	0.0003793	5.55
81837	HP:0001873	0.0001607	6.36
81837	HP:0011873	0.0001903	6.2
81901	HP:0000002	0	3.24
81901	HP:0000077	0	3.58
81901	HP:0000079	0	2.69
81901	HP:0000119	0	2.13
81901	HP:0000478	0	1.79
81901	HP:0000924	0	1.71
81901	HP:0001438	0	1.95
81901	HP:0001507	0	2.22
81901	HP:0001510	0	2.94
81901	HP:0004322	0	3.39
81901	HP:0009121	0	2.18
81901	HP:0010935	0	3.44
81901	HP:0011458	0	3.4
81901	HP:0011842	0	1.76
81901	HP:0012372	0	2.21
81901	HP:0012374	0	2.27
82109	HP:0000152	9.611e-05	7.52
82109	HP:0000234	9.611e-05	7.52
82109	HP:0000271	9.611e-05	7.52
82109	HP:0000301	0.0001752	6.87
82109	HP:0000707	0	1.66
82109	HP:0000759	9.611e-05	7.52
82109	HP:0001270	2.781e-05	6.8
82109	HP:0001291	0.00051	5.78
82109	HP:0001317	4.275e-05	8.47
82109	HP:0001324	9.611e-05	7.52
82109	HP:0002011	4.275e-05	8.47
82109	HP:0002334	4.275e-05	8.47
82109	HP:0002438	0.0001013	7.46
82109	HP:0003011	1.625e-06	13.34
82109	HP:0003198	0.0006454	5.56
82109	HP:0003560	1.625e-06	13.34
82109	HP:0006824	0.0002893	6.35
82109	HP:0010628	9.611e-05	7.52
82109	HP:0010827	9.611e-05	7.52
82109	HP:0011282	4.275e-05	8.47
82109	HP:0011283	4.275e-05	8.47
82109	HP:0011799	0.000711	5.47
82109	HP:0011804	9.611e-05	7.52
82109	HP:0011805	1.625e-06	13.34
82109	HP:0012443	4.275e-05	8.47
82109	HP:0012638	0	1.89
82109	HP:0012639	4.275e-05	8.47
82109	HP:0012758	2.781e-05	6.8
82109	HP:0012759	2.781e-05	6.8
82199	HP:0000032	0.0005286	5.31
82199	HP:0000036	0.0005286	5.31
82199	HP:0000050	0.0007948	5
82199	HP:0000069	0.0005645	6.11
82199	HP:0000078	0.0005286	5.31
82199	HP:0000079	0.0005645	6.11
82199	HP:0000119	0.0005286	6.11
82199	HP:0000152	9.598e-05	8.11
82199	HP:0000234	9.598e-05	8.11
82199	HP:0000271	9.598e-05	8.11
82199	HP:0000277	0.000628	6
82199	HP:0000284	0.0001447	5.46
82199	HP:0000290	9.598e-05	8.11
82199	HP:0000303	0.000628	6
82199	HP:0000306	0.000628	6
82199	HP:0000337	9.598e-05	8.11
82199	HP:0000492	0.0001447	5.46
82199	HP:0000606	0.0001447	5.46
82199	HP:0000707	0.0003368	5.66
82199	HP:0000811	0.0005286	5.31
82199	HP:0000924	0.0004217	6
82199	HP:0000925	0.0004217	4.15
82199	HP:0000929	0.000628	6
82199	HP:0001367	0.0009817	4.85
82199	HP:0001871	1.214e-05	10.92
82199	HP:0001881	1.214e-05	10.92
82199	HP:0001909	0.0008905	5.66
82199	HP:0002011	0.0003368	5.66
82199	HP:0002118	0.0003368	5.66
82199	HP:0002119	0.0003368	5.66
82199	HP:0002488	0.0002937	6.81
82199	HP:0002644	0.0009817	4.85
82199	HP:0002650	0.0009431	4.32
82199	HP:0002664	1.214e-05	10.92
82199	HP:0002715	1.214e-05	10.92
82199	HP:0002813	0.0007027	4.85
82199	HP:0002814	0.0007027	3.91
82199	HP:0003241	0.0009361	4.89
82199	HP:0003272	0.0009817	4.85
82199	HP:0003549	6.495e-05	5.97
82199	HP:0004377	1.214e-05	10.92
82199	HP:0004808	1.214e-05	10.92
82199	HP:0008050	0.0001447	5.46
82199	HP:0008736	0.0005286	5.31
82199	HP:0009121	0.0004217	6
82199	HP:0010461	0.0005286	5.31
82199	HP:0010674	0.0009431	4.32
82199	HP:0010935	0.0005645	6.11
82199	HP:0010987	1.214e-05	10.92
82199	HP:0011793	1.214e-05	10.92
82199	HP:0011821	0.000628	6
82199	HP:0011842	0.0004217	6
82199	HP:0011844	0.0007027	4.85
82199	HP:0012243	0.0005286	5.31
82199	HP:0012443	0.0003368	5.66
82199	HP:0012639	0.0003368	5.66
82199	HP:0100491	0.0009817	4.85
82199	HP:0100790	6.495e-05	5.97
82866	HP:0000707	0	1.29
82866	HP:0000951	0	2.28
82866	HP:0001574	0	1.98
82866	HP:0002011	0	2.16
82866	HP:0012639	0	1.92
82895	HP:0000478	2.708e-05	8.73
82895	HP:0000517	2.708e-05	8.73
82895	HP:0001083	2.708e-05	8.73
82895	HP:0002715	2.547e-08	18.79
82895	HP:0002718	2.547e-08	18.79
82895	HP:0002719	2.547e-08	18.79
82895	HP:0004328	2.708e-05	8.73
82895	HP:0005339	1.034e-07	16.22
82895	HP:0005368	1.034e-07	16.22
82895	HP:0005420	7.376e-07	13.16
82895	HP:0005430	2.547e-08	18.79
82895	HP:0010978	2.547e-08	18.79
82895	HP:0012372	2.708e-05	8.73
82895	HP:0012374	2.708e-05	8.73
89837	HP:0000032	0	3.88
89837	HP:0000036	0	4.97
89837	HP:0000050	0	6.1
89837	HP:0000078	0	3.11
89837	HP:0000119	0	2.13
89837	HP:0000478	0	1.79
89837	HP:0000496	0	3.15
89837	HP:0000639	0	4.12
89837	HP:0000707	0	1.29
89837	HP:0000811	0	3.82
89837	HP:0001507	0	2.22
89837	HP:0003241	0	5.97
89837	HP:0007256	0	3.47
89837	HP:0008736	0	6.43
89837	HP:0010461	0	3.84
89837	HP:0011442	0	2.77
89837	HP:0011446	0	2.84
89837	HP:0012243	0	3.31
89837	HP:0012373	0	2.31
89837	HP:0012547	0	4.11
89837	HP:0012638	0	1.46
90112	HP:0000707	0	2.35
90112	HP:0000759	3.79e-08	24.54
90112	HP:0000924	9.769e-06	9.43
90112	HP:0001197	8.528e-06	9.58
90112	HP:0001324	3.79e-08	24.54
90112	HP:0001367	9.769e-06	9.43
90112	HP:0001371	9.769e-06	9.43
90112	HP:0001557	4.633e-05	7.82
90112	HP:0001558	8.528e-06	9.58
90112	HP:0001608	8.016e-06	12.12
90112	HP:0001612	8.016e-06	12.12
90112	HP:0002086	3.79e-08	24.54
90112	HP:0002088	3.79e-08	24.54
90112	HP:0002093	3.79e-08	24.54
90112	HP:0002374	2.457e-05	8.39
90112	HP:0002747	3.79e-08	24.54
90112	HP:0002795	3.79e-08	24.54
90112	HP:0002803	3.16e-05	8.2
90112	HP:0002804	9.769e-06	9.43
90112	HP:0003011	3.79e-08	24.54
90112	HP:0003324	9.913e-05	8.42
90112	HP:0003388	7.471e-05	8.79
90112	HP:0003391	4.275e-05	9.53
90112	HP:0003398	8.016e-06	12.12
90112	HP:0003436	3.79e-08	24.54
90112	HP:0003443	2.819e-07	18.96
90112	HP:0003473	8.016e-06	12.12
90112	HP:0003549	9.769e-06	9.43
90112	HP:0003701	4.275e-05	9.53
90112	HP:0004302	0.0004347	4.77
90112	HP:0004303	1.718e-06	14.92
90112	HP:0004347	3.79e-08	24.54
90112	HP:0004889	3.79e-08	24.54
90112	HP:0011729	9.769e-06	9.43
90112	HP:0011804	3.79e-08	24.54
90112	HP:0011805	1.718e-06	14.92
90112	HP:0011842	9.769e-06	9.43
90112	HP:0012252	3.79e-08	24.54
90112	HP:0012638	0	2.67
90112	HP:0012639	3.79e-08	24.54
90112	HP:0100022	2.457e-05	8.39
90112	HP:0100295	1.718e-06	14.92
90123	HP:0000951	0.0009176	5.48
90123	HP:0000952	0.0009176	5.48
90123	HP:0001005	0.0009176	5.48
90123	HP:0001392	0.0009176	5.48
90123	HP:0001396	0.0009176	5.48
90123	HP:0001438	0.0009176	5.48
90123	HP:0001574	0.0009176	5.48
90123	HP:0002012	0.0009176	5.48
90123	HP:0002086	0.0001949	7.85
90123	HP:0002087	0.0001949	7.85
90123	HP:0002109	0.0001949	7.85
90123	HP:0002110	0.0001949	7.85
90123	HP:0004297	0.0009176	5.48
90123	HP:0005607	0.0001949	7.85
90123	HP:0011354	0.0009176	5.48
90123	HP:0012252	0.0001949	7.85
90193	HP:0001608	0.0001552	6.4
90193	HP:0001626	0	2.6
90193	HP:0001627	2.253e-05	8.5
90193	HP:0001646	2.253e-05	8.5
90193	HP:0001654	0.0001847	6.23
90193	HP:0002564	2.253e-05	8.5
90250	HP:0000924	0.0009357	5.22
90250	HP:0001367	0.0009357	5.22
90250	HP:0001371	0.0009357	5.22
90250	HP:0003011	0	2.7
90250	HP:0003121	0.0009357	5.22
90250	HP:0003549	0	4.08
90250	HP:0011729	0.0009357	5.22
90250	HP:0011805	0	4.07
90250	HP:0011842	0.0009357	5.22
90250	HP:0100360	0.0009357	5.22
90257	HP:0001626	0.000263	7.16
90257	HP:0001627	0.0002896	7.06
90257	HP:0001637	0.0002896	7.06
90257	HP:0001638	0.0002896	7.06
90257	HP:0001644	0.0002896	7.06
90257	HP:0001677	0.000263	7.16
90257	HP:0001939	1.138e-05	11.4
90257	HP:0002564	0.0002896	7.06
90257	HP:0002597	0.000263	7.16
90257	HP:0002621	0.0007426	6.04
90257	HP:0002634	0.0008453	5.9
90257	HP:0003236	1.138e-05	11.4
90257	HP:0003549	0.0002896	7.06
90257	HP:0005114	0.000263	7.16
90257	HP:0006704	0.000263	7.16
90257	HP:0008180	1.138e-05	11.4
90257	HP:0009124	0.0002896	7.06
90257	HP:0009125	0.0003449	6.86
90257	HP:0010876	1.138e-05	11.4
90257	HP:0011004	0.000263	7.16
90257	HP:0011021	1.138e-05	11.4
90257	HP:0100545	0.000263	7.16
90257	HP:0100578	0.0002896	7.06
100895	HP:0001438	2.14e-05	10.64
100895	HP:0002012	2.14e-05	10.64
100895	HP:0002577	2.14e-05	10.64
100895	HP:0004295	2.14e-05	10.64
100895	HP:0011024	2.14e-05	10.64
100895	HP:0012718	2.14e-05	10.64
100909	HP:0000707	0	1.29
100909	HP:0012638	0	1.46
100950	HP:0000008	0.0001201	7.26
100950	HP:0000078	0.0001201	7.26
100950	HP:0000119	0.0001201	7.26
100950	HP:0000140	0.0001201	7.26
100950	HP:0000707	4.43e-06	11.66
100950	HP:0000812	0.0001201	7.26
100950	HP:0000818	0.0001201	7.26
100950	HP:0002011	4.43e-06	11.66
100950	HP:0002060	4.43e-06	11.66
100950	HP:0002352	4.43e-06	11.66
100950	HP:0008373	0.0001201	7.26
100950	HP:0010460	0.0001201	7.26
100950	HP:0012243	0.0001201	7.26
100950	HP:0012443	4.43e-06	11.66
100950	HP:0012639	4.43e-06	11.66
100950	HP:0100547	4.43e-06	11.66
101898	HP:0000478	0	1.79
101898	HP:0012373	0	2.31
101912	HP:0000119	0	2.13
101912	HP:0001939	0	1.76
103473	HP:0000707	2.722e-05	9.04
103473	HP:0001288	2.722e-05	9.04
103473	HP:0001939	3.196e-06	14.54
103473	HP:0002540	2.722e-05	9.04
103473	HP:0002904	7.238e-05	9.35
103473	HP:0002908	7.238e-05	9.35
103473	HP:0003537	3.196e-06	14.54
103473	HP:0004352	0.000145	7.33
103473	HP:0004369	3.196e-06	14.54
103473	HP:0010932	3.196e-06	14.54
103473	HP:0012638	2.722e-05	9.04
103473	HP:0100022	2.722e-05	9.04
109604	HP:0000707	0	1.97
109604	HP:0001507	9.463e-06	7.31
109604	HP:0001513	9.463e-06	7.31
109604	HP:0004323	9.463e-06	7.31
109604	HP:0004324	1.348e-05	7.05
109604	HP:0012638	0	2.23
109993	HP:0000152	0	1.71
109993	HP:0000234	0	1.74
109993	HP:0000924	0	1.71
109993	HP:0009121	0	2.18
109993	HP:0011842	0	1.76
117892	HP:0001939	0	1.76
141072	HP:0000008	3.114e-05	8.87
141072	HP:0000078	3.114e-05	8.87
141072	HP:0000119	3.114e-05	8.87
141072	HP:0000142	3.114e-05	8.87
141072	HP:0000152	0	2.21
141072	HP:0000153	0	3.37
141072	HP:0000234	0	2.24
141072	HP:0000271	0	2.46
141072	HP:0000284	7.2e-08	20.02
141072	HP:0000315	7.2e-08	20.02
141072	HP:0000366	4.574e-08	21.25
141072	HP:0000478	0	2.31
141072	HP:0000492	7.233e-05	7.18
141072	HP:0000528	7.2e-08	20.02
141072	HP:0000568	3.114e-05	8.87
141072	HP:0000589	7.233e-05	7.18
141072	HP:0000606	7.233e-05	7.18
141072	HP:0000614	6.667e-06	11.04
141072	HP:0000625	7.233e-05	7.18
141072	HP:0000812	3.114e-05	8.87
141072	HP:0001438	4.091e-07	16.01
141072	HP:0001539	2.33e-06	12.71
141072	HP:0001600	9.103e-05	7.59
141072	HP:0002012	4.091e-07	16.01
141072	HP:0002086	9.103e-05	7.59
141072	HP:0002087	9.103e-05	7.59
141072	HP:0002242	0.0006175	4.54
141072	HP:0003549	2.33e-06	12.71
141072	HP:0004122	4.574e-08	21.25
141072	HP:0004298	2.33e-06	12.71
141072	HP:0004299	2.33e-06	12.71
141072	HP:0004378	2.196e-05	9.32
141072	HP:0004397	4.091e-07	16.01
141072	HP:0005105	4.574e-08	21.25
141072	HP:0008056	7.2e-08	20.02
141072	HP:0010460	3.114e-05	8.87
141072	HP:0010866	2.33e-06	12.71
141072	HP:0011024	4.091e-07	16.01
141072	HP:0011481	7.2e-08	20.02
141072	HP:0012243	3.114e-05	8.87
141072	HP:0012252	9.103e-05	7.59
141072	HP:0012372	0	2.85
141072	HP:0012374	0	2.93
141072	HP:0012718	4.091e-07	16.01
141072	HP:0012732	4.091e-07	16.01
141072	HP:0100589	0.0002823	5.83
141072	HP:0100790	2.33e-06	12.71
141072	HP:0100887	7.2e-08	20.02
160481	HP:0000028	0	5.13
160481	HP:0000032	0	3.88
160481	HP:0000035	0	4.26
160481	HP:0000078	0	3.11
160481	HP:0000119	0	2.13
160481	HP:0000152	0	1.71
160481	HP:0000153	0	2.61
160481	HP:0000159	0	5.17
160481	HP:0000163	0	2.94
160481	HP:0000164	0	4.19
160481	HP:0000174	0	4.76
160481	HP:0000234	0	1.74
160481	HP:0000240	0	3.58
160481	HP:0000252	0	4.34
160481	HP:0000271	0	1.9
160481	HP:0000284	0	3.11
160481	HP:0000366	0	2.98
160481	HP:0000422	0	4.07
160481	HP:0000492	0	3.88
160481	HP:0000534	0	5.8
160481	HP:0000606	0	3.56
160481	HP:0000707	0	1.29
160481	HP:0000811	0	3.82
160481	HP:0000924	0	1.71
160481	HP:0000925	0	3.32
160481	HP:0000929	0	2.53
160481	HP:0000951	0	2.28
160481	HP:0001155	0	3.25
160481	HP:0001167	0	3.82
160481	HP:0001507	0	2.22
160481	HP:0001510	0	2.94
160481	HP:0001511	0	6.75
160481	HP:0001574	0	1.98
160481	HP:0001595	0	3.74
160481	HP:0001626	0	2.25
160481	HP:0001627	0	3.26
160481	HP:0001999	0	3.95
160481	HP:0002011	0	2.16
160481	HP:0002060	0	4.34
160481	HP:0002564	0	3.32
160481	HP:0002650	0	4.25
160481	HP:0002813	0	2.57
160481	HP:0002814	0	3.15
160481	HP:0002817	0	3.17
160481	HP:0002977	0	3.39
160481	HP:0003549	0	3.16
160481	HP:0005918	0	4.84
160481	HP:0005927	0	6.43
160481	HP:0006496	0	5.97
160481	HP:0007364	0	4.01
160481	HP:0009115	0	3.74
160481	HP:0009121	0	2.18
160481	HP:0009815	0	5.07
160481	HP:0010461	0	3.84
160481	HP:0010674	0	3.95
160481	HP:0011138	0	3.27
160481	HP:0011297	0	3.43
160481	HP:0011337	0	7.12
160481	HP:0011842	0	1.76
160481	HP:0011844	0	2.55
160481	HP:0011927	0	5.8
160481	HP:0012243	0	3.31
160481	HP:0012443	0	2.41
160481	HP:0012638	0	1.46
160481	HP:0012639	0	1.92
160481	HP:0100547	0	3.11
160481	HP:0100790	0	5.69
161070	HP:0000707	0	1.66
