sunid	term	fdr	score
46458	DOID:0050161	0.0007273	5.74
46458	DOID:0050177	0.0001516	5.28
46458	DOID:0050737	2.714e-06	7.86
46458	DOID:0050739	0.0001229	5.41
46458	DOID:0060071	0.0009914	5.42
46458	DOID:10241	3.487e-13	26.97
46458	DOID:14566	0.0007612	5.69
46458	DOID:1579	0.0007273	5.74
46458	DOID:2355	6.906e-06	8.17
46458	DOID:2914	6.906e-06	8.17
46458	DOID:552	0.0007273	5.74
46458	DOID:630	0.000305	4.87
46458	DOID:7	6.906e-06	8.17
46458	DOID:74	0.0002379	5.46
46458	DOID:850	0.0007273	5.74
46458	DOID:8719	0.0007612	5.69
46579	DOID:0050615	2.712e-08	26.65
46579	DOID:0050686	2.712e-08	26.65
46579	DOID:0050687	4.033e-06	12.36
46579	DOID:1324	2.712e-08	26.65
46579	DOID:14566	2.712e-08	26.65
46579	DOID:162	2.712e-08	26.65
46579	DOID:1800	4.033e-06	12.36
46579	DOID:305	4.033e-06	12.36
46579	DOID:3905	2.712e-08	26.65
46579	DOID:3908	2.712e-08	26.65
46579	DOID:4556	3.667e-07	18.77
46579	DOID:6658	2.712e-08	26.65
46689	DOID:0050686	0.0008939	5.95
46689	DOID:0060100	0.0008939	5.95
46689	DOID:14566	0.0008939	5.95
46689	DOID:162	0.0008939	5.95
46689	DOID:28	0.0001358	8.26
46689	DOID:3247	0.0008939	5.95
46689	DOID:4043	0.0008939	5.95
46689	DOID:4045	0.0008939	5.95
46689	DOID:4051	0.0008939	5.95
46689	DOID:53	0.0001358	8.26
46689	DOID:7	0.0001358	8.26
46689	DOID:9406	0.0001358	8.26
46966	DOID:16	0.0002276	6.25
46966	DOID:2723	0.0007977	5.9
46966	DOID:2731	0.0002276	6.25
46966	DOID:37	0.0002276	6.25
46966	DOID:440	7.416e-05	6.88
46966	DOID:7	1.631e-06	10.34
46966	DOID:8502	0.0007977	5.9
46966	DOID:863	1.631e-06	10.34
46966	DOID:870	1.631e-06	10.34
46966	DOID:913	1.631e-06	10.34
47005	DOID:0060049	0	17.75
47005	DOID:0060056	0	4.73
47005	DOID:12236	0	17.75
47005	DOID:2914	0	3.79
47005	DOID:3118	0	5.46
47005	DOID:409	0	5.58
47005	DOID:417	0	5.09
47005	DOID:5082	0	9.64
47005	DOID:7	0	1.52
47005	DOID:77	0	4.19
47031	DOID:0050686	0.0001563	6.94
47031	DOID:14566	0.0001563	6.94
47031	DOID:162	0.0001563	6.94
47031	DOID:3093	0.0001563	6.94
47031	DOID:3565	0.0001563	6.94
47031	DOID:3620	0.0001563	6.94
47090	DOID:0014667	0.0002744	6.99
47090	DOID:0050117	0.0003313	5.37
47090	DOID:0050155	2.488e-07	14.53
47090	DOID:0050161	1.562e-05	6.16
47090	DOID:0050338	0.0007273	5.31
47090	DOID:0050686	4.111e-08	14.16
47090	DOID:0050687	6.088e-08	14.51
47090	DOID:0050700	4.098e-06	9.08
47090	DOID:0050828	9.469e-07	12.52
47090	DOID:0060036	4.098e-06	9.08
47090	DOID:0060056	0.0001733	6.58
47090	DOID:0060072	0.0002394	5.34
47090	DOID:0060083	6.049e-05	6.24
47090	DOID:0060084	0.0002394	5.34
47090	DOID:0060100	4.111e-08	14.16
47090	DOID:0060122	8.101e-05	6.44
47090	DOID:0070004	6.049e-05	6.24
47090	DOID:0080000	2.078e-05	10.47
47090	DOID:0080001	0.0001673	5.24
47090	DOID:10155	0.0006636	4.47
47090	DOID:10223	2.078e-05	10.47
47090	DOID:10283	8.224e-07	9.36
47090	DOID:104	0.0003313	5.37
47090	DOID:1091	6.128e-09	12.14
47090	DOID:114	4.098e-06	9.08
47090	DOID:1168	0.0002744	6.99
47090	DOID:11729	0.0003313	5.37
47090	DOID:1176	0.0001519	6.68
47090	DOID:11830	2.488e-07	14.53
47090	DOID:120	7.837e-06	7.63
47090	DOID:1287	9.469e-07	12.52
47090	DOID:13378	2.169e-06	11.38
47090	DOID:1380	0.0001101	7.01
47090	DOID:14566	4.111e-08	14.51
47090	DOID:1492	2.488e-07	14.53
47090	DOID:15	3.825e-06	6.12
47090	DOID:1575	0.0001733	6.58
47090	DOID:1579	2.614e-05	5.23
47090	DOID:16	0.0003859	4.62
47090	DOID:1602	2.169e-06	11.38
47090	DOID:1612	0.0004722	4.91
47090	DOID:162	4.111e-08	14.51
47090	DOID:17	2.078e-05	10.47
47090	DOID:170	0.0004563	6.38
47090	DOID:178	9.469e-07	12.52
47090	DOID:1793	0.0004563	6.38
47090	DOID:193	2.905e-05	5.22
47090	DOID:1936	3.183e-05	6.66
47090	DOID:201	0.0006164	5.04
47090	DOID:2152	7.837e-06	7.63
47090	DOID:229	9.779e-08	9.01
47090	DOID:2320	1.292e-06	7.5
47090	DOID:2348	3.258e-05	6.64
47090	DOID:2349	3.183e-05	6.66
47090	DOID:2394	9.241e-06	7.51
47090	DOID:2531	6.049e-05	6.24
47090	DOID:263	8.587e-05	6.01
47090	DOID:2871	9.167e-05	7.19
47090	DOID:2914	2.169e-06	11.38
47090	DOID:305	3.333e-05	4.55
47090	DOID:3069	8.439e-05	6.02
47090	DOID:3070	6.088e-08	14.51
47090	DOID:3076	6.088e-08	14.51
47090	DOID:3119	6.185e-05	7.58
47090	DOID:3146	0.0004215	6.48
47090	DOID:3342	0.0002387	5.04
47090	DOID:3371	4.111e-08	14.16
47090	DOID:3498	0.0004563	6.38
47090	DOID:3571	0.0009268	4.29
47090	DOID:3627	9.469e-07	12.52
47090	DOID:363	9.167e-05	7.19
47090	DOID:37	0.0003859	4.62
47090	DOID:3856	8.224e-07	9.36
47090	DOID:3996	1.79e-05	7.05
47090	DOID:403	0.0004643	4.28
47090	DOID:4074	0.0004563	6.38
47090	DOID:417	0.0001733	6.58
47090	DOID:419	0.0001733	6.58
47090	DOID:423	2.078e-05	10.47
47090	DOID:4450	1.79e-05	7.05
47090	DOID:4451	3.964e-05	6.52
47090	DOID:4606	6.185e-05	7.58
47090	DOID:4607	0.000801	4.4
47090	DOID:4866	6.392e-05	7.43
47090	DOID:4896	6.185e-05	7.58
47090	DOID:4897	6.185e-05	7.58
47090	DOID:4905	0.0004563	6.38
47090	DOID:4960	6.049e-05	6.24
47090	DOID:5093	0.0004722	4.91
47090	DOID:520	0.0002853	5.53
47090	DOID:5614	2.488e-07	14.53
47090	DOID:5672	0.0006704	4.46
47090	DOID:6050	1.187e-05	9.31
47090	DOID:633	0.0002882	6.93
47090	DOID:65	0.0001733	6.58
47090	DOID:655	0.0002744	6.99
47090	DOID:66	2.078e-05	10.47
47090	DOID:686	0.0009268	4.29
47090	DOID:7	6.128e-09	14.53
47090	DOID:75	0.0005005	4.84
47090	DOID:7693	9.469e-07	12.52
47090	DOID:77	3.969e-06	6.03
47090	DOID:848	0.0001673	5.24
47090	DOID:850	1.479e-05	6.19
47090	DOID:854	0.0002276	6.33
47090	DOID:8574	0.0003859	4.62
47090	DOID:863	2.488e-07	14.53
47090	DOID:9206	1.187e-05	9.31
47090	DOID:9256	0.0006636	4.47
47090	DOID:9563	0.0001519	6.68
47090	DOID:9835	9.647e-05	5.62
47090	DOID:9942	3.124e-06	10.91
47095	DOID:0050687	1.942e-05	10.87
47095	DOID:14566	1.942e-05	10.87
47095	DOID:162	1.942e-05	10.87
47095	DOID:2994	1.942e-05	10.87
47095	DOID:3304	6.024e-05	9.19
47095	DOID:3308	1.942e-05	10.87
47095	DOID:4440	6.024e-05	9.19
47095	DOID:688	1.942e-05	10.87
47216	DOID:14566	0	1.19
47216	DOID:162	0	1.22
47266	DOID:0014667	0.000402	4.32
47266	DOID:0050013	0.0001781	4.84
47266	DOID:0050117	9.539e-09	7.04
47266	DOID:0050136	5.362e-07	18.25
47266	DOID:0050155	4.874e-05	8.6
47266	DOID:0050161	3.826e-12	9.8
47266	DOID:0050292	5.362e-07	18.25
47266	DOID:0050339	0.0007499	6.06
47266	DOID:0050589	1.253e-07	8.25
47266	DOID:0050686	0.0002056	3.49
47266	DOID:0050743	0.0005449	6.41
47266	DOID:0050749	0.0005449	6.41
47266	DOID:0060031	6.758e-07	9.49
47266	DOID:0060037	7.004e-05	7.84
47266	DOID:0060038	7.004e-05	7.84
47266	DOID:0060056	6.758e-07	9.49
47266	DOID:0060058	0.0005449	6.41
47266	DOID:0060061	0.0005449	6.41
47266	DOID:0060083	3.921e-07	6.41
47266	DOID:0060100	0.0003436	6.97
47266	DOID:0060158	0.0001781	4.84
47266	DOID:0080000	6.247e-05	6.12
47266	DOID:0080001	8.041e-07	7.01
47266	DOID:10113	8.582e-07	13.34
47266	DOID:104	0.0007499	6.06
47266	DOID:10608	6.758e-07	9.49
47266	DOID:1074	0.0004429	4.93
47266	DOID:10754	0.0001175	8.35
47266	DOID:1091	9.129e-10	11.19
47266	DOID:1116	0.0007499	6.06
47266	DOID:11335	0.0001021	6.81
47266	DOID:1168	0.0009761	5.31
47266	DOID:11963	0.0003039	7.13
47266	DOID:12140	8.582e-07	13.34
47266	DOID:1229	6.718e-05	8.19
47266	DOID:1247	2.19e-07	9.07
47266	DOID:12662	5.362e-07	18.25
47266	DOID:1289	1.201e-07	8.27
47266	DOID:1395	2.093e-08	16.12
47266	DOID:1398	1.087e-05	5.91
47266	DOID:1400	4.874e-05	8.6
47266	DOID:14566	3.921e-07	6.97
47266	DOID:1492	4.874e-05	8.6
47266	DOID:150	6.718e-05	8.19
47266	DOID:1561	6.718e-05	8.19
47266	DOID:1564	5.362e-07	18.25
47266	DOID:1579	2.614e-08	6.93
47266	DOID:16	0.0001563	4.79
47266	DOID:162	3.921e-07	6.97
47266	DOID:17	8.041e-07	7.01
47266	DOID:18	1.699e-05	6.05
47266	DOID:201	0.0003436	6.97
47266	DOID:2115	4.775e-05	8.24
47266	DOID:2163	1.686e-06	8.81
47266	DOID:2213	2.19e-07	9.07
47266	DOID:225	0.0001231	4.56
47266	DOID:2377	1.201e-07	8.27
47266	DOID:2468	6.718e-05	8.19
47266	DOID:2473	2.028e-06	10.42
47266	DOID:2531	3.921e-07	6.24
47266	DOID:2583	4.775e-05	8.24
47266	DOID:2723	0.0007146	3.45
47266	DOID:2742	0.0001175	8.35
47266	DOID:2789	8.582e-07	13.34
47266	DOID:2825	2.774e-06	8.46
47266	DOID:2914	1.579e-06	5.41
47266	DOID:2916	0.0001021	6.81
47266	DOID:3146	0.0009761	5.31
47266	DOID:3213	1.201e-07	8.27
47266	DOID:331	4.033e-06	5.72
47266	DOID:3342	8.041e-07	7.01
47266	DOID:3388	2.431e-10	11.95
47266	DOID:349	0.0008279	5.96
47266	DOID:350	0.0003436	6.97
47266	DOID:37	1.638e-07	7.45
47266	DOID:403	2.431e-10	11.95
47266	DOID:417	6.758e-07	9.49
47266	DOID:4194	0.0001781	4.84
47266	DOID:4481	1.418e-06	8.94
47266	DOID:4483	1.418e-06	8.94
47266	DOID:4676	0.0004429	4.93
47266	DOID:4798	0.0003436	6.97
47266	DOID:5100	0.0001175	8.35
47266	DOID:5295	1.253e-07	8.25
47266	DOID:5419	6.718e-05	8.19
47266	DOID:557	1.699e-05	6.05
47266	DOID:5614	4.874e-05	8.6
47266	DOID:6050	0.0003039	7.13
47266	DOID:612	4.775e-05	8.24
47266	DOID:620	4.775e-05	8.24
47266	DOID:655	0.0009761	5.31
47266	DOID:66	6.247e-05	6.12
47266	DOID:7	3.656e-07	4.75
47266	DOID:7148	8.041e-07	7.01
47266	DOID:74	2.19e-07	9.07
47266	DOID:77	7.789e-06	5.23
47266	DOID:848	8.041e-07	7.01
47266	DOID:850	3.826e-12	9.8
47266	DOID:8541	0.0005449	6.41
47266	DOID:8622	0.0004887	5.28
47266	DOID:863	1.201e-07	8.6
47266	DOID:8670	7.004e-05	7.84
47266	DOID:8689	7.004e-05	7.84
47266	DOID:883	2.093e-08	16.12
47266	DOID:934	0.0004887	5.28
47266	DOID:9351	0.0001781	4.84
47266	DOID:9500	0.0003436	6.97
47266	DOID:974	1.418e-06	8.94
47336	DOID:14566	0	1.19
47336	DOID:162	0	1.22
47353	DOID:14566	0	1.54
47370	DOID:0050117	0.0005752	6.27
47370	DOID:643	0.0005752	6.27
47370	DOID:934	0.0005752	6.27
47454	DOID:0050686	0.0001732	4.57
47454	DOID:0060083	0.000184	4.54
47454	DOID:14566	0.0001732	4.57
47454	DOID:162	0.0001732	4.57
47454	DOID:2531	0.0001732	4.57
47459	DOID:0050686	6.292e-07	7.14
47459	DOID:0060037	0.000365	6.96
47459	DOID:0060040	0.000365	6.96
47459	DOID:1192	1.214e-06	6.89
47459	DOID:1206	0.000365	6.96
47459	DOID:14566	6.292e-07	7.14
47459	DOID:150	0.000365	6.96
47459	DOID:162	6.292e-07	7.14
47459	DOID:2621	6.292e-07	7.14
47459	DOID:3093	6.292e-07	7.14
47473	DOID:0050686	0.000548	6.49
47473	DOID:0060122	0.000548	6.49
47473	DOID:14566	0.000548	6.49
47473	DOID:162	0.000548	6.49
47473	DOID:3149	0.000548	6.49
47473	DOID:3151	0.000548	6.49
47473	DOID:3451	0.000548	6.49
47473	DOID:4159	0.000548	6.49
47576	DOID:440	8.587e-05	6.98
47576	DOID:7	8.587e-05	6.98
47576	DOID:863	8.587e-05	6.98
47576	DOID:870	8.587e-05	6.98
47576	DOID:913	8.587e-05	6.98
47616	DOID:0050155	0.0004054	6.63
47616	DOID:0060056	0.0003833	6.69
47616	DOID:1184	0.0002289	7.32
47616	DOID:11963	1.493e-06	15.52
47616	DOID:12306	0.0003833	6.69
47616	DOID:12449	0.0004783	6.43
47616	DOID:1287	0.0007615	5.92
47616	DOID:13241	0.0007615	5.92
47616	DOID:13976	1.493e-06	15.52
47616	DOID:1492	0.0004054	6.63
47616	DOID:178	0.0007615	5.92
47616	DOID:18	0.0002289	7.32
47616	DOID:2007	0.0004054	6.63
47616	DOID:2355	0.0004783	6.43
47616	DOID:2527	0.0003036	6.99
47616	DOID:2914	0.0003833	6.69
47616	DOID:417	0.0003833	6.69
47616	DOID:4448	0.0004527	6.49
47616	DOID:4961	0.0004783	6.43
47616	DOID:557	0.0002289	7.32
47616	DOID:5614	0.0004054	6.63
47616	DOID:5679	0.0004054	6.63
47616	DOID:6050	0.000211	6.54
47616	DOID:7	1.493e-06	15.52
47616	DOID:74	0.0004783	6.43
47616	DOID:750	0.0001835	7.59
47616	DOID:77	1.493e-06	15.52
47616	DOID:8466	0.0004054	6.63
47616	DOID:863	0.0004054	6.63
47616	DOID:865	0.0007615	5.92
47616	DOID:9206	5.522e-05	7.86
47655	DOID:0050117	5.235e-09	30.25
47655	DOID:0050161	8.003e-05	5.66
47655	DOID:0050589	1.297e-06	8.72
47655	DOID:0050686	8.378e-05	6.82
47655	DOID:0060056	1.187e-05	10.59
47655	DOID:0060083	8.378e-05	6.82
47655	DOID:10264	5.235e-09	30.25
47655	DOID:1036	8.378e-05	6.56
47655	DOID:10952	0.0003215	6.34
47655	DOID:1240	8.378e-05	6.82
47655	DOID:12894	1.187e-05	10.59
47655	DOID:14566	8.378e-05	6.82
47655	DOID:1579	0.0003817	4.27
47655	DOID:162	8.378e-05	6.82
47655	DOID:18	0.0001084	7.6
47655	DOID:2320	1.479e-05	6.8
47655	DOID:2531	8.378e-05	6.82
47655	DOID:2914	1.187e-05	10.59
47655	DOID:2921	0.0001084	7.6
47655	DOID:417	1.187e-05	10.59
47655	DOID:5295	2.956e-06	8.04
47655	DOID:557	0.0001084	7.6
47655	DOID:7	1.673e-07	10.6
47655	DOID:77	1.673e-07	10.6
47655	DOID:850	7.688e-05	5.68
47655	DOID:8552	0.0002091	6.82
47655	DOID:8577	1.673e-07	10.6
47655	DOID:8692	0.0002091	6.82
47655	DOID:934	5.235e-09	30.25
47672	DOID:0050686	0	2
47672	DOID:14566	0	1.19
47672	DOID:162	0	1.22
47672	DOID:3119	0	3.42
47672	DOID:7	0	1.52
47686	DOID:0050161	0.0008764	4.52
47686	DOID:0060056	6.821e-05	6.94
47686	DOID:1091	6.225e-06	9.88
47686	DOID:1176	0.0001283	6.28
47686	DOID:1287	0	4.28
47686	DOID:1579	0.0001194	6.35
47686	DOID:16	1.21e-05	8.97
47686	DOID:17	0	4.44
47686	DOID:178	0	4.71
47686	DOID:18	2.235e-07	15.62
47686	DOID:2320	0.000312	5.43
47686	DOID:2841	0.0001194	6.35
47686	DOID:2914	0	4.37
47686	DOID:3388	4.032e-06	10.5
47686	DOID:37	0.0004377	5.11
47686	DOID:403	1.127e-05	9.06
47686	DOID:417	6.821e-05	6.94
47686	DOID:557	0.000319	5.4
47686	DOID:576	2.235e-07	15.62
47686	DOID:65	6.821e-05	6.94
47686	DOID:7	0	1.75
47686	DOID:77	2.771e-06	11.07
47686	DOID:824	2.771e-06	11.07
47686	DOID:850	0.000855	4.54
47686	DOID:8857	0.0001383	6.2
47686	DOID:8893	1.21e-05	8.97
47686	DOID:9074	6.821e-05	6.94
47719	DOID:0050117	0	3.62
47719	DOID:0050155	0	5.29
47719	DOID:0050177	0	5.2
47719	DOID:0050615	0	5.63
47719	DOID:0050686	0	2
47719	DOID:0050687	0	2.32
47719	DOID:0050736	0	7.48
47719	DOID:0050739	0	5.31
47719	DOID:0060072	0	5.99
47719	DOID:0060083	0	3.61
47719	DOID:0060084	0	6.4
47719	DOID:0060100	0	6.58
47719	DOID:1036	0	7.8
47719	DOID:1037	0	7.03
47719	DOID:1240	0	4.02
47719	DOID:1324	0	6.39
47719	DOID:14566	0	1.19
47719	DOID:1492	0	5.63
47719	DOID:150	0	3.47
47719	DOID:162	0	1.22
47719	DOID:170	0	7.18
47719	DOID:1749	0	5.29
47719	DOID:1909	0	5.22
47719	DOID:201	0	7.28
47719	DOID:2531	0	3.63
47719	DOID:2596	0	15.68
47719	DOID:2600	0	15.92
47719	DOID:2914	0	3.79
47719	DOID:299	0	5.09
47719	DOID:303	0	8.41
47719	DOID:305	0	2.65
47719	DOID:3119	0	3.42
47719	DOID:3571	0	4.61
47719	DOID:3905	0	6.4
47719	DOID:3908	0	6.86
47719	DOID:3910	0	11.23
47719	DOID:5614	0	5.67
47719	DOID:5683	0	9.45
47719	DOID:630	0	4.86
47719	DOID:643	0	18.45
47719	DOID:686	0	4.62
47719	DOID:7	0	1.52
47719	DOID:74	0	6.45
47719	DOID:77	0	4.19
47719	DOID:863	0	2.93
47719	DOID:934	0	4.86
47719	DOID:9973	0	8.7
47781	DOID:14566	0	1.38
47781	DOID:162	0	1.41
47781	DOID:2914	0.0003048	5.45
47781	DOID:7	0.0003048	5.45
47781	DOID:74	0.0003048	5.45
47802	DOID:14566	0	1.38
47802	DOID:162	0	1.41
47807	DOID:14566	0	1.38
47807	DOID:162	0	1.41
47819	DOID:225	0	3.1
47862	DOID:14566	0	1.38
47874	DOID:0080001	2.215e-08	18.45
47874	DOID:0080008	1.138e-05	7.35
47874	DOID:10159	2.215e-08	18.45
47874	DOID:14566	0	2.28
47874	DOID:162	0	2.34
47874	DOID:17	2.215e-08	18.45
47874	DOID:7	2.215e-08	18.45
47954	DOID:0050155	8.092e-10	13.28
47954	DOID:0050615	4.303e-06	9.4
47954	DOID:0050686	8.092e-10	13.28
47954	DOID:0060072	0.0007615	4.65
47954	DOID:0060084	0.0007615	4.65
47954	DOID:0060116	1.08e-09	13.04
47954	DOID:14566	8.092e-10	13.28
47954	DOID:1492	0.0005949	4.63
47954	DOID:162	8.092e-10	13.28
47954	DOID:2174	8.092e-10	13.28
47954	DOID:2596	4.303e-06	9.4
47954	DOID:2600	4.303e-06	9.4
47954	DOID:3093	8.092e-10	13.28
47954	DOID:4645	8.092e-10	13.28
47954	DOID:5614	0.0005502	4.67
47954	DOID:5679	5.463e-05	5.94
47954	DOID:7	8.092e-10	13.28
47954	DOID:863	8.092e-10	13.28
47986	DOID:0050117	1.214e-06	5.9
47986	DOID:0050589	8.858e-07	7.23
47986	DOID:0060056	0.0004274	5.6
47986	DOID:0080001	0.0005345	4.34
47986	DOID:1123	8.528e-05	6.61
47986	DOID:17	5.619e-05	6.61
47986	DOID:225	6.149e-05	6.14
47986	DOID:2914	0.0004274	5.6
47986	DOID:2916	0.0004274	5.6
47986	DOID:2987	0.000801	5.15
47986	DOID:3342	5.619e-05	5.24
47986	DOID:381	8.528e-05	6.61
47986	DOID:417	0.000801	5.15
47986	DOID:5295	8.858e-07	7.23
47986	DOID:6688	0.0004274	5.6
47986	DOID:7	8.858e-07	7.23
47986	DOID:77	8.858e-07	7.23
47986	DOID:8867	2.52e-05	10.01
47986	DOID:934	2.52e-05	10.01
47986	DOID:9778	6.149e-05	6.14
48019	DOID:14566	0	1.19
48019	DOID:162	0	1.22
48056	DOID:0050687	0	2.32
48056	DOID:0060056	0	4.73
48056	DOID:12297	0	53.47
48056	DOID:12306	0	17.75
48056	DOID:14566	0	1.19
48056	DOID:162	0	1.22
48056	DOID:1909	0	5.22
48056	DOID:2914	0	3.79
48056	DOID:417	0	5.09
48056	DOID:7	0	1.52
48092	DOID:0050117	5.235e-09	30.25
48092	DOID:0050161	8.003e-05	5.66
48092	DOID:0050589	1.297e-06	8.72
48092	DOID:0050686	8.378e-05	6.82
48092	DOID:0060056	1.187e-05	10.59
48092	DOID:0060083	8.378e-05	6.82
48092	DOID:10264	5.235e-09	30.25
48092	DOID:1036	8.378e-05	6.56
48092	DOID:10952	0.0003215	6.34
48092	DOID:1240	8.378e-05	6.82
48092	DOID:12894	1.187e-05	10.59
48092	DOID:14566	8.378e-05	6.82
48092	DOID:1579	0.0003817	4.27
48092	DOID:162	8.378e-05	6.82
48092	DOID:18	0.0001084	7.6
48092	DOID:2320	1.479e-05	6.8
48092	DOID:2531	8.378e-05	6.82
48092	DOID:2914	1.187e-05	10.59
48092	DOID:2921	0.0001084	7.6
48092	DOID:417	1.187e-05	10.59
48092	DOID:5295	2.956e-06	8.04
48092	DOID:557	0.0001084	7.6
48092	DOID:7	1.673e-07	10.6
48092	DOID:77	1.673e-07	10.6
48092	DOID:850	7.688e-05	5.68
48092	DOID:8552	0.0002091	6.82
48092	DOID:8577	1.673e-07	10.6
48092	DOID:8692	0.0002091	6.82
48092	DOID:934	5.235e-09	30.25
48113	DOID:0050117	0.0006546	4.09
48113	DOID:0050161	4.874e-05	6.27
48113	DOID:0050177	0.0001703	7.19
48113	DOID:0050338	0.0008572	5.43
48113	DOID:0050737	0.0001703	7.19
48113	DOID:0050739	0.0001703	7.19
48113	DOID:0060072	0.000829	4.84
48113	DOID:0060084	0.000829	4.84
48113	DOID:104	0.0008572	5.43
48113	DOID:10952	0.0005516	5.87
48113	DOID:14566	0.000829	4.84
48113	DOID:1485	0.0001703	7.19
48113	DOID:1579	0.0004344	4.31
48113	DOID:18	0.0005516	5.87
48113	DOID:2320	4.874e-05	6.27
48113	DOID:28	0.0002816	5.07
48113	DOID:557	0.0005516	5.87
48113	DOID:630	0.0001703	7.19
48113	DOID:7	0	2.48
48113	DOID:750	5.638e-06	12.04
48113	DOID:76	1.451e-05	10.5
48113	DOID:77	5.638e-06	12.04
48113	DOID:850	0.0002302	5.2
48150	DOID:14566	0	1.38
48150	DOID:162	0	1.41
48201	DOID:0050686	0.0007298	5.11
48201	DOID:14566	0	1.54
48201	DOID:1612	0.0007298	5.11
48201	DOID:162	0	1.57
48201	DOID:3459	0.0007298	5.11
48201	DOID:5093	0.0007298	5.11
48239	DOID:1091	0.0003873	6.34
48239	DOID:16	0.0007066	5.7
48239	DOID:18	1.859e-05	10.25
48239	DOID:3388	0.0002683	6.76
48239	DOID:37	0.0007066	5.7
48239	DOID:403	0.0006617	5.77
48239	DOID:557	1.859e-05	10.25
48239	DOID:576	1.859e-05	10.25
48239	DOID:7	1.859e-05	10.25
48239	DOID:77	0.0001904	7.15
48239	DOID:824	0.0001904	7.15
48239	DOID:8893	0.0007066	5.7
48264	DOID:0060118	0.0004198	6.68
48264	DOID:0080015	3.846e-05	9.93
48264	DOID:10892	3.846e-05	9.93
48264	DOID:11612	0.000844	4.46
48264	DOID:11613	0.0002276	7.48
48264	DOID:1287	2.845e-05	4.71
48264	DOID:15	0.0002276	7.48
48264	DOID:1923	0.0005449	6.41
48264	DOID:225	0.000844	4.46
48264	DOID:2277	0.0002276	7.48
48264	DOID:28	0.0002276	7.48
48264	DOID:7	2.845e-05	7.48
48334	DOID:0050686	0.000801	5.02
48334	DOID:14566	0.000801	5.02
48334	DOID:162	0.000801	5.02
48334	DOID:3996	0.000801	5.02
48350	DOID:2914	0.0005639	6.37
48350	DOID:4961	0.0005639	6.37
48350	DOID:7	0.0005639	6.37
48350	DOID:74	0.0005639	6.37
48350	DOID:8432	0.0005639	6.37
48371	DOID:3852	0.0001105	8.54
48371	DOID:5295	0.0001105	8.54
48371	DOID:7	0.0001105	8.54
48371	DOID:77	0.0001105	8.54
48403	DOID:0060072	5.124e-06	11.01
48403	DOID:0060085	5.124e-06	11.01
48403	DOID:0060121	5.124e-06	11.01
48403	DOID:14566	5.124e-06	11.01
48403	DOID:3165	5.124e-06	11.01
48403	DOID:471	5.124e-06	11.01
48445	DOID:0050686	0	3.05
48445	DOID:14566	0	1.82
48445	DOID:150	5.847e-05	5.86
48445	DOID:1561	0.0006457	4.32
48445	DOID:162	0	1.86
48445	DOID:2468	5.965e-05	5.85
48445	DOID:3093	0	9.67
48445	DOID:3565	0	25.93
48445	DOID:3620	0	23.12
48445	DOID:5419	5.847e-05	5.86
48452	DOID:0050177	0.0003367	7.05
48452	DOID:0050737	0.0003367	7.05
48452	DOID:0050739	0.0003367	7.05
48452	DOID:1935	0.0003367	7.05
48452	DOID:630	0.0003367	7.05
48484	DOID:0050687	0	3
48484	DOID:0060072	0.0002843	4.84
48484	DOID:0060084	3.166e-05	6.49
48484	DOID:10652	0.0005892	5.3
48484	DOID:1289	0.0005892	5.3
48484	DOID:1307	0.000901	4.92
48484	DOID:14566	0	1.54
48484	DOID:150	0.0005892	5.3
48484	DOID:1561	0.0005892	5.3
48484	DOID:162	0	1.57
48484	DOID:305	0	3.42
48484	DOID:331	0.0005892	5.3
48484	DOID:657	5.623e-06	8
48484	DOID:680	0.0005949	5.29
48484	DOID:7	0.0005892	5.3
48484	DOID:863	0.0005892	5.3
48508	DOID:0000000	0.0002558	6.29
48508	DOID:0014667	3.78e-07	6.28
48508	DOID:0050622	0.0003737	6.87
48508	DOID:0050686	1.074e-07	9.52
48508	DOID:0050828	0.0009	4.59
48508	DOID:0060072	0.0001461	6.87
48508	DOID:0060084	0.0001461	5.47
48508	DOID:0060085	0.0003737	6.87
48508	DOID:0060086	0.000474	6.58
48508	DOID:0060095	0.0003737	6.87
48508	DOID:0060118	0.0005217	6.43
48508	DOID:0060158	5.77e-08	8.35
48508	DOID:0080015	9.741e-07	13.16
48508	DOID:10211	6.772e-07	13.72
48508	DOID:10892	9.741e-07	13.16
48508	DOID:1168	0.0001164	6.7
48508	DOID:120	1.074e-07	9.52
48508	DOID:1287	0.0003253	4.59
48508	DOID:1380	1.577e-07	9.28
48508	DOID:1428	0.0006259	5.7
48508	DOID:14566	6.883e-06	3.95
48508	DOID:16	0.0001357	7.17
48508	DOID:1612	0.000518	5.67
48508	DOID:162	4.032e-06	4.06
48508	DOID:178	0.0003253	4.48
48508	DOID:193	0.0001673	4.65
48508	DOID:1936	0.0009	4.59
48508	DOID:2348	0.0009192	4.57
48508	DOID:2349	0.0009	4.59
48508	DOID:26	0.0006259	5.7
48508	DOID:28	0.0009999	4.28
48508	DOID:2871	1.074e-07	9.52
48508	DOID:3146	0.0001164	6.7
48508	DOID:3211	8.283e-05	6.54
48508	DOID:3457	0.000518	5.67
48508	DOID:3459	0.000518	5.67
48508	DOID:363	1.074e-07	9.52
48508	DOID:374	5.77e-08	8.35
48508	DOID:421	0.0001357	7.17
48508	DOID:4535	0.0002381	6.61
48508	DOID:50	3.171e-05	7.23
48508	DOID:5093	0.000518	5.67
48508	DOID:654	7.423e-08	8.23
48508	DOID:655	8.283e-05	6.7
48508	DOID:657	0.0001461	5.47
48508	DOID:7	6.772e-07	13.72
48508	DOID:77	6.772e-07	13.72
48508	DOID:7998	3.171e-05	7.23
48508	DOID:9455	8.283e-05	6.54
48508	DOID:987	0.0001357	7.17
48508	DOID:9970	5.77e-08	8.35
48552	DOID:14566	0	1.54
48552	DOID:15	0.0003968	5.68
48552	DOID:162	0	1.57
48552	DOID:229	0.0003968	5.68
48552	DOID:7	0	1.96
48592	DOID:0050177	1.126e-07	20.6
48592	DOID:0050737	1.126e-07	20.6
48592	DOID:0050739	1.126e-07	20.6
48592	DOID:1935	1.126e-07	20.6
48592	DOID:630	1.126e-07	20.6
48619	DOID:0050828	0	4.48
48619	DOID:1287	0	3.71
48619	DOID:14566	0	1.19
48619	DOID:162	0	1.22
48619	DOID:178	0	4.08
48619	DOID:1936	0	7.71
48619	DOID:2348	0	7.7
48619	DOID:2349	0	7.58
48619	DOID:7	0	1.52
48726	DOID:0050117	5.344e-05	4.76
48726	DOID:0050177	9.776e-06	7.25
48726	DOID:0050686	1.292e-06	7.46
48726	DOID:0050737	9.776e-06	7.25
48726	DOID:0050739	9.776e-06	7.25
48726	DOID:0060005	2.169e-06	6.93
48726	DOID:0060056	0.0002276	3.78
48726	DOID:0060083	1.292e-06	5.28
48726	DOID:0060100	0.0002547	7.46
48726	DOID:1074	6.71e-05	6.05
48726	DOID:10923	9.776e-06	7.25
48726	DOID:120	0.0006315	6.35
48726	DOID:12361	2.169e-06	6.93
48726	DOID:1289	7.827e-14	10.01
48726	DOID:1380	0.0006315	6.35
48726	DOID:14566	1.292e-06	7.46
48726	DOID:1579	0.0001936	5.15
48726	DOID:162	1.292e-06	7.46
48726	DOID:17	2.65e-08	6.25
48726	DOID:18	6.71e-05	6.05
48726	DOID:193	0.0006315	6.35
48726	DOID:201	0.0002547	7.46
48726	DOID:2163	0.0002474	5.04
48726	DOID:2377	7.827e-14	10.01
48726	DOID:28	2.169e-06	6.93
48726	DOID:2825	0.0001936	5.15
48726	DOID:2914	8.103e-09	6.44
48726	DOID:3021	6.71e-05	6.05
48726	DOID:3213	3.774e-11	7.12
48726	DOID:331	7.827e-14	10.01
48726	DOID:3347	0.0002547	7.46
48726	DOID:3354	0.0002547	7.46
48726	DOID:363	0.0006315	6.35
48726	DOID:417	2.169e-06	6.93
48726	DOID:4226	0.0006315	6.35
48726	DOID:4481	0.0001936	5.15
48726	DOID:4483	0.0001936	5.15
48726	DOID:50	9.069e-05	4.13
48726	DOID:5166	0.0006315	6.35
48726	DOID:557	6.71e-05	6.05
48726	DOID:630	9.776e-06	7.25
48726	DOID:7	0.0001563	4.15
48726	DOID:7998	2.169e-06	6.93
48726	DOID:863	7.827e-14	10.01
48726	DOID:974	0.0001936	5.15
49265	DOID:0050117	0.0001833	7.86
49265	DOID:0050338	0.0001833	7.86
49265	DOID:0050700	0.0005424	3.8
49265	DOID:1024	0.0001833	7.86
49265	DOID:104	0.0001833	7.86
49265	DOID:1074	2.114e-06	7.41
49265	DOID:10887	0.0001833	7.86
49265	DOID:114	0.0005424	3.8
49265	DOID:1287	0.0005424	3.8
49265	DOID:18	2.114e-06	7.41
49265	DOID:3021	2.114e-06	7.41
49265	DOID:557	2.114e-06	7.41
49265	DOID:7	2.114e-06	7.41
49309	DOID:0060039	8.501e-09	19.38
49309	DOID:0060056	1.26e-11	37.75
49309	DOID:16	2.301e-05	5.47
49309	DOID:2723	1.26e-11	37.75
49309	DOID:2914	1.26e-11	37.75
49309	DOID:37	2.854e-06	7.22
49309	DOID:417	1.26e-11	37.75
49309	DOID:7	1.26e-11	37.75
49309	DOID:8502	2.455e-07	13.48
49309	DOID:8505	1.26e-11	37.75
49313	DOID:16	2.845e-05	8.76
49313	DOID:2723	2.845e-05	8.76
49313	DOID:37	2.845e-05	8.76
49313	DOID:7	2.845e-05	8.76
49313	DOID:8502	2.845e-05	8.76
49313	DOID:9182	2.845e-05	8.76
49329	DOID:7	0	1.52
49329	DOID:863	0	2.93
49410	DOID:1091	0.0001381	7.3
49410	DOID:16	0.0002558	6.59
49410	DOID:18	6.006e-06	11.7
49410	DOID:3388	9.369e-05	7.78
49410	DOID:37	0.0002558	6.59
49410	DOID:403	0.0002394	6.66
49410	DOID:557	6.006e-06	11.7
49410	DOID:576	6.006e-06	11.7
49410	DOID:7	6.006e-06	11.7
49410	DOID:77	6.574e-05	8.21
49410	DOID:824	6.574e-05	8.21
49410	DOID:8893	0.0002558	6.59
49417	DOID:0050117	8.792e-05	8.21
49417	DOID:0050177	0.0004892	4.9
49417	DOID:0050339	0.0005155	6.46
49417	DOID:0050589	3.091e-06	7.18
49417	DOID:0050615	0.000584	5.74
49417	DOID:0050686	4.189e-07	12.11
49417	DOID:0050736	0.0004892	4.9
49417	DOID:0050739	0.0004892	4.9
49417	DOID:0060058	3.259e-05	8.62
49417	DOID:0060072	0.0006002	4.37
49417	DOID:0060083	3.259e-05	8.62
49417	DOID:0060084	0.0006002	4.37
49417	DOID:0080015	0.0002685	7.26
49417	DOID:10155	0.0007615	4.04
49417	DOID:10264	8.792e-05	8.21
49417	DOID:1036	0.0003628	3.96
49417	DOID:104	0.0005155	6.46
49417	DOID:10907	0.0002685	7.26
49417	DOID:1116	0.0005155	6.46
49417	DOID:1240	0.0003628	3.96
49417	DOID:14566	4.189e-07	12.11
49417	DOID:1612	4.189e-07	12.11
49417	DOID:162	4.189e-07	12.11
49417	DOID:1762	3.489e-07	19.32
49417	DOID:219	0.0007615	4.04
49417	DOID:2490	0.0002685	7.26
49417	DOID:2531	3.259e-05	8.62
49417	DOID:255	0.0006002	4.37
49417	DOID:2596	0.000584	5.74
49417	DOID:2600	0.000584	5.74
49417	DOID:263	0.0009834	4.63
49417	DOID:3119	0.0007615	4.04
49417	DOID:3443	4.189e-07	12.11
49417	DOID:3458	1.85e-05	6.1
49417	DOID:3459	4.189e-07	12.11
49417	DOID:3996	0.0009834	4.63
49417	DOID:4029	0.000133	7.16
49417	DOID:403	3.489e-07	19.32
49417	DOID:4450	0.0009834	4.63
49417	DOID:4451	0.0009834	4.63
49417	DOID:5093	4.189e-07	12.11
49417	DOID:5295	0.000812	3.56
49417	DOID:5672	0.0007615	4.04
49417	DOID:6050	6.548e-05	7.15
49417	DOID:630	0.0004892	4.9
49417	DOID:643	0.000466	4.99
49417	DOID:7	9.499e-08	19.32
49417	DOID:706	3.259e-05	8.62
49417	DOID:707	3.259e-05	8.62
49417	DOID:76	0.000133	7.16
49417	DOID:77	9.499e-08	19.32
49417	DOID:8577	9.499e-08	9.02
49417	DOID:8584	3.259e-05	8.62
49417	DOID:9206	6.548e-05	7.15
49417	DOID:9256	0.0007615	4.04
49417	DOID:9297	0.0003313	5.87
49417	DOID:934	8.792e-05	8.21
49493	DOID:7	0	1.52
49695	DOID:0050155	2.831e-08	8.03
49695	DOID:110	0	28.38
49695	DOID:1492	1.043e-08	8.56
49695	DOID:5614	9.405e-09	8.62
49695	DOID:7	0	28.38
49695	DOID:863	9.497e-05	4.32
49723	DOID:0050828	8.635e-05	6.3
49723	DOID:0060072	0.0009148	5
49723	DOID:0060084	0.0009148	5
49723	DOID:1287	8.635e-05	6.3
49723	DOID:14566	0.0009148	5
49723	DOID:178	8.635e-05	6.3
49723	DOID:1936	8.635e-05	6.3
49723	DOID:2348	8.789e-05	6.29
49723	DOID:2349	8.635e-05	6.3
49723	DOID:3393	0.0004722	5.54
49723	DOID:5844	0.0004722	5.54
49723	DOID:657	0.0009148	5
49723	DOID:7	8.635e-05	6.3
49758	DOID:0014667	0	4.79
49758	DOID:0060158	0	5.3
49758	DOID:14566	0	1.54
49758	DOID:162	0	1.57
49758	DOID:374	0.0003592	5.78
49758	DOID:440	2.243e-05	8.96
49758	DOID:654	0.0003838	5.71
49758	DOID:7	0	1.96
49758	DOID:863	1.605e-06	13.06
49758	DOID:870	0.0001865	6.45
49758	DOID:913	1.605e-06	13.06
49758	DOID:9970	0.0003592	5.78
49764	DOID:7	0.0009334	4.04
49764	DOID:863	0.0009334	4.04
49764	DOID:870	0.0009334	4.04
49785	DOID:0050686	2.006e-05	7.56
49785	DOID:14566	2.006e-05	7.56
49785	DOID:162	2.006e-05	7.56
49785	DOID:170	2.006e-05	7.56
49785	DOID:1793	2.006e-05	7.56
49785	DOID:3498	2.006e-05	7.56
49785	DOID:4074	2.006e-05	7.56
49785	DOID:4905	2.006e-05	7.56
49842	DOID:0014667	0.0002	6.67
49842	DOID:0050013	0.0002056	5.79
49842	DOID:0050117	0.0007051	5.51
49842	DOID:0050155	1.043e-05	9.79
49842	DOID:0050686	1.65e-06	8.01
49842	DOID:0050700	0.0002231	6.57
49842	DOID:0050828	3.845e-05	5.39
49842	DOID:0060036	0.0002231	6.57
49842	DOID:0060058	0.0001751	7.72
49842	DOID:0060083	1.65e-06	8.01
49842	DOID:0060158	0.0002056	5.79
49842	DOID:0070004	4.583e-05	6.1
49842	DOID:0080001	6.664e-08	8.05
49842	DOID:1036	0.0001075	4.14
49842	DOID:1067	2.236e-05	8.92
49842	DOID:1070	1.043e-05	9.79
49842	DOID:1123	0.0009503	5.73
49842	DOID:114	0.0002231	6.57
49842	DOID:12177	8.007e-05	8.78
49842	DOID:1240	0.0001075	4.14
49842	DOID:1247	8.408e-07	9.04
49842	DOID:1287	1.948e-06	7.49
49842	DOID:1289	9.193e-06	7
49842	DOID:12930	0.0002231	6.57
49842	DOID:13378	0.0005829	6.26
49842	DOID:1389	0.000305	7.04
49842	DOID:1398	0.0007051	5.51
49842	DOID:1428	0.0002056	5.79
49842	DOID:14566	1.65e-06	8.01
49842	DOID:1492	1.043e-05	9.79
49842	DOID:1588	4.65e-05	8.14
49842	DOID:16	6.334e-06	10.41
49842	DOID:1602	0.0005829	6.26
49842	DOID:162	1.65e-06	8.01
49842	DOID:1686	1.043e-05	9.79
49842	DOID:17	6.391e-06	5.07
49842	DOID:178	0.0001839	4.73
49842	DOID:18	0.0004563	4.52
49842	DOID:1936	1.948e-06	7.49
49842	DOID:2018	0.0002056	5.79
49842	DOID:2115	8.007e-05	8.78
49842	DOID:2213	8.408e-07	9.04
49842	DOID:2218	4.65e-05	8.14
49842	DOID:2345	0.0003856	5.97
49842	DOID:2348	2.009e-06	7.47
49842	DOID:2349	1.948e-06	7.49
49842	DOID:2377	9.193e-06	7
49842	DOID:2531	1.65e-06	8.01
49842	DOID:2583	0.0001577	7.85
49842	DOID:26	0.0002056	5.79
49842	DOID:2723	6.334e-06	10.41
49842	DOID:2789	0.0007051	5.51
49842	DOID:28	0.0002056	5.79
49842	DOID:2914	8.408e-07	9.04
49842	DOID:3211	0.0002	6.67
49842	DOID:3213	1.003e-05	6.94
49842	DOID:331	9.193e-06	7
49842	DOID:3342	2.021e-06	6.6
49842	DOID:3393	0.0003859	5.31
49842	DOID:37	6.334e-06	10.41
49842	DOID:381	0.0009503	5.73
49842	DOID:4194	0.0002056	5.79
49842	DOID:421	0.0003294	6.94
49842	DOID:4535	0.0005086	6.42
49842	DOID:4960	1.65e-06	8.01
49842	DOID:5614	1.043e-05	9.79
49842	DOID:5679	0.0006956	4.73
49842	DOID:574	0.000305	7.04
49842	DOID:5844	0.0003859	5.31
49842	DOID:612	8.007e-05	8.78
49842	DOID:620	8.007e-05	8.78
49842	DOID:65	0.0001556	4.03
49842	DOID:655	0.0002	6.67
49842	DOID:6590	0.0009503	5.73
49842	DOID:7	2.46e-05	3.89
49842	DOID:706	0.0001751	7.72
49842	DOID:707	0.000305	7.04
49842	DOID:7148	6.664e-08	8.05
49842	DOID:74	8.408e-07	9.04
49842	DOID:75	0.0005829	6.26
49842	DOID:8466	1.043e-05	9.79
49842	DOID:848	1.084e-06	6.86
49842	DOID:8502	9.14e-05	7.44
49842	DOID:8584	0.0001751	7.72
49842	DOID:863	9.193e-06	9.79
49842	DOID:9182	6.334e-06	10.41
49842	DOID:9452	0.0002	6.67
49842	DOID:9455	0.0006258	5.61
49842	DOID:9471	0.0007578	5.69
49842	DOID:9538	1.65e-06	8.01
49842	DOID:987	0.0003294	6.94
49842	DOID:9942	0.0007566	5.99
49879	DOID:0050117	0.000315	4.41
49879	DOID:0050177	0.0005217	5.17
49879	DOID:0050736	0.0005217	5.17
49879	DOID:0050739	0.0005217	5.17
49879	DOID:5683	0.0005217	5.17
49879	DOID:630	0.0005217	5.17
50104	DOID:14566	0	1.19
50104	DOID:162	0	1.22
50129	DOID:14566	0	2.06
50129	DOID:162	0	2.11
50156	DOID:0050177	0.0001748	7.88
50156	DOID:0050439	0.0001748	7.88
50156	DOID:0050737	0.0001748	7.88
50156	DOID:0050739	0.0001748	7.88
50156	DOID:630	0.0001748	7.88
50242	DOID:0050155	0.0002223	7.29
50242	DOID:0050686	0.0001554	5.72
50242	DOID:0050687	0.0001781	6.62
50242	DOID:0050828	1.025e-06	16.21
50242	DOID:0060083	0.0001554	5.72
50242	DOID:0070004	0.0001554	5.72
50242	DOID:0080001	0.0004829	4.74
50242	DOID:1091	0.0002877	6.19
50242	DOID:10941	1.025e-06	16.21
50242	DOID:1287	1.025e-06	16.21
50242	DOID:13089	2.956e-06	13.99
50242	DOID:14566	0.0001554	6.62
50242	DOID:1492	0.0002223	7.29
50242	DOID:162	0.0001554	6.62
50242	DOID:168	0.0002276	6.39
50242	DOID:17	0.0002293	4.05
50242	DOID:171	0.000315	6.1
50242	DOID:178	1.025e-06	16.21
50242	DOID:2007	0.0002223	7.29
50242	DOID:2531	0.0001554	5.72
50242	DOID:263	0.0009148	4.83
50242	DOID:2994	0.0001781	6.62
50242	DOID:3095	0.0004056	5.87
50242	DOID:3342	0.0006792	4.55
50242	DOID:3388	0.0001781	6.62
50242	DOID:3527	1.025e-06	16.21
50242	DOID:3858	0.0001781	6.62
50242	DOID:3996	0.0009148	4.83
50242	DOID:403	0.0001178	7.02
50242	DOID:4448	0.0002223	7.29
50242	DOID:4451	0.0009148	4.83
50242	DOID:4960	0.0001994	5.56
50242	DOID:5614	0.0002223	7.29
50242	DOID:5679	0.0002223	7.29
50242	DOID:6713	1.025e-06	16.21
50242	DOID:7	1.025e-06	16.21
50242	DOID:77	0.0001178	7.02
50242	DOID:824	0.0001178	7.02
50242	DOID:8466	0.0002223	7.29
50242	DOID:848	0.0004829	4.74
50242	DOID:863	0.0002223	7.29
50353	DOID:0050117	7.234e-06	12.39
50353	DOID:0050686	0.0004902	6.39
50353	DOID:0060058	0.0004902	6.39
50353	DOID:0060072	0.0005717	6.22
50353	DOID:0060083	0.0004902	6.39
50353	DOID:0060084	0.0005717	6.22
50353	DOID:0080001	0.000358	6.76
50353	DOID:1091	0.0004783	5.76
50353	DOID:1123	0.000516	6.33
50353	DOID:12252	6.754e-08	17.09
50353	DOID:12365	7.234e-06	12.39
50353	DOID:1247	0.0008723	5.25
50353	DOID:127	0.0005717	6.22
50353	DOID:1287	0.0006298	6.11
50353	DOID:13241	0.0006298	6.11
50353	DOID:1398	7.234e-06	12.39
50353	DOID:14067	7.234e-06	12.39
50353	DOID:14566	0.0004902	6.39
50353	DOID:1483	7.234e-06	12.39
50353	DOID:15	0.000532	5.27
50353	DOID:16	0.0003339	5.03
50353	DOID:162	0.0004902	6.39
50353	DOID:17	0.000358	6.76
50353	DOID:178	0.0006298	6.11
50353	DOID:2213	0.0004501	5.82
50353	DOID:229	0.000532	5.27
50353	DOID:2531	0.0004902	6.39
50353	DOID:2789	7.234e-06	12.39
50353	DOID:28	6.754e-08	17.09
50353	DOID:289	0.000532	5.27
50353	DOID:2914	2.661e-05	8.59
50353	DOID:3087	7.234e-06	12.39
50353	DOID:3326	2.661e-05	8.59
50353	DOID:3342	0.000358	6.76
50353	DOID:3388	0.0003075	6.18
50353	DOID:37	0.0003339	5.03
50353	DOID:381	0.000358	6.76
50353	DOID:3947	4.94e-07	13.73
50353	DOID:3952	6.754e-08	17.09
50353	DOID:403	7.234e-06	12.39
50353	DOID:6590	0.000358	6.76
50353	DOID:7	6.754e-08	17.09
50353	DOID:74	2.661e-05	8.59
50353	DOID:77	7.234e-06	12.39
50353	DOID:824	0.0002023	6.56
50353	DOID:8567	0.0004902	6.39
50353	DOID:865	0.0006298	6.11
50353	DOID:9553	6.754e-08	17.09
50465	DOID:0050686	0	2
50465	DOID:14566	0	1.19
50465	DOID:162	0	1.22
50465	DOID:3119	0	3.42
50494	DOID:0050686	0.0009463	4.92
50494	DOID:14566	0.0009463	4.92
50494	DOID:14735	2.828e-05	10.5
50494	DOID:1555	2.828e-05	10.5
50494	DOID:1558	2.828e-05	10.5
50494	DOID:16	2.828e-05	10.5
50494	DOID:162	0.0009463	4.92
50494	DOID:170	0.0009463	4.92
50494	DOID:1793	0.0009463	4.92
50494	DOID:3498	0.0009463	4.92
50494	DOID:37	2.828e-05	10.5
50494	DOID:4074	0.0009463	4.92
50494	DOID:4905	0.0009463	4.92
50494	DOID:7	2.828e-05	10.5
50621	DOID:14566	0	1.19
50621	DOID:162	0	1.22
50630	DOID:14566	0	1.82
50630	DOID:7	0	2.32
50729	DOID:0080000	0.0006947	6.24
50729	DOID:14717	0.0006947	6.24
50729	DOID:17	0.0006947	6.24
50729	DOID:423	0.0006947	6.24
50729	DOID:66	0.0006947	6.24
50729	DOID:7	0.0006947	6.24
50923	DOID:0014667	0.0005405	6.26
50923	DOID:0050117	0.0003313	5.37
50923	DOID:0050155	7.118e-07	13.14
50923	DOID:0050161	0.0007615	4.52
50923	DOID:0050338	0.0003313	5.37
50923	DOID:0050686	1.511e-07	12.78
50923	DOID:0050687	3.111e-06	11.9
50923	DOID:0050700	1.42e-05	8.13
50923	DOID:0050828	2.659e-06	11.3
50923	DOID:0060036	1.42e-05	8.13
50923	DOID:0060056	0.0004214	5.86
50923	DOID:0060083	0.0002339	5.49
50923	DOID:0060100	1.511e-07	12.78
50923	DOID:0060122	8.101e-05	6.44
50923	DOID:0070004	0.0002339	5.49
50923	DOID:0080001	0.0005892	4.48
50923	DOID:10283	3.825e-06	8.37
50923	DOID:104	0.0003313	5.37
50923	DOID:1091	4.394e-08	10.91
50923	DOID:114	1.42e-05	8.13
50923	DOID:1168	0.0005405	6.26
50923	DOID:11729	0.0003313	5.37
50923	DOID:1176	3.863e-05	7.56
50923	DOID:11830	7.118e-07	13.14
50923	DOID:120	0.0003707	5.52
50923	DOID:1287	2.659e-06	11.3
50923	DOID:13378	1.343e-07	12.92
50923	DOID:14566	1.511e-07	12.78
50923	DOID:1492	7.118e-07	13.14
50923	DOID:15	0.0009312	4.22
50923	DOID:1575	0.0004214	5.86
50923	DOID:1579	3.863e-05	7.56
50923	DOID:16	0.0003859	4.62
50923	DOID:1602	1.343e-07	12.92
50923	DOID:162	1.511e-07	12.78
50923	DOID:1686	0.0008729	5.75
50923	DOID:17	0.0001139	5.86
50923	DOID:178	2.659e-06	11.3
50923	DOID:193	0.000317	4.46
50923	DOID:1936	0.0001303	5.88
50923	DOID:201	1.511e-07	12.78
50923	DOID:2152	0.0003707	5.52
50923	DOID:229	1.361e-05	6.89
50923	DOID:2320	0.0001114	5.64
50923	DOID:2348	0.0001329	5.86
50923	DOID:2349	0.0001303	5.88
50923	DOID:2394	0.0004185	5.42
50923	DOID:2531	0.0002339	5.49
50923	DOID:263	0.0006946	5.05
50923	DOID:2914	1.343e-07	12.92
50923	DOID:3069	3.111e-06	11.9
50923	DOID:3070	3.111e-06	11.9
50923	DOID:3076	3.111e-06	11.9
50923	DOID:3093	0.0003467	6.78
50923	DOID:3146	0.0008407	5.79
50923	DOID:3342	0.0001675	5.15
50923	DOID:3371	1.511e-07	12.78
50923	DOID:3565	0.0003467	6.78
50923	DOID:3620	0.0003467	6.78
50923	DOID:3627	2.659e-06	11.3
50923	DOID:37	0.0003859	4.62
50923	DOID:3856	3.825e-06	8.37
50923	DOID:3996	0.0006946	5.05
50923	DOID:403	0.0001417	4.67
50923	DOID:417	0.0004214	5.86
50923	DOID:419	0.0004214	5.86
50923	DOID:4450	0.0006946	5.05
50923	DOID:4451	0.0006946	5.05
50923	DOID:4960	0.0003015	5.33
50923	DOID:520	0.0002853	5.53
50923	DOID:5614	7.118e-07	13.14
50923	DOID:5679	0.0008729	5.75
50923	DOID:6050	0.000591	6.16
50923	DOID:65	0.0004214	5.86
50923	DOID:655	0.0005405	6.26
50923	DOID:7	4.394e-08	13.14
50923	DOID:75	7.887e-05	5.67
50923	DOID:7693	2.659e-06	11.3
50923	DOID:77	4.394e-08	10.91
50923	DOID:8466	0.0008729	5.75
50923	DOID:848	0.0001139	5.36
50923	DOID:850	0.0007299	4.55
50923	DOID:854	0.0005449	5.63
50923	DOID:8574	0.0003859	4.62
50923	DOID:863	7.118e-07	13.14
50923	DOID:9206	0.000591	6.16
50923	DOID:9563	3.863e-05	7.56
50923	DOID:9835	3.685e-06	10.88
50923	DOID:9942	2.107e-07	12.39
50939	DOID:14566	0	1.38
50939	DOID:162	0	1.41
51011	DOID:0014667	0.0003476	4.41
51011	DOID:1927	4.593e-06	12.9
51011	DOID:3211	4.593e-06	12.9
51011	DOID:655	4.593e-06	12.9
51011	DOID:9455	4.593e-06	12.9
51045	DOID:440	0.0008407	5.85
51045	DOID:7	0.0008407	5.85
51045	DOID:863	0.0008407	5.85
51045	DOID:870	0.0008407	5.85
51045	DOID:913	0.0008407	5.85
51230	DOID:0014667	0.0001055	4.69
51230	DOID:0060049	6.846e-06	11.47
51230	DOID:0060056	6.846e-06	11.47
51230	DOID:12236	6.846e-06	11.47
51230	DOID:2914	6.846e-06	11.47
51230	DOID:3118	6.846e-06	11.47
51230	DOID:409	6.846e-06	11.47
51230	DOID:417	6.846e-06	11.47
51230	DOID:5082	0.0004222	6.04
51230	DOID:7	6.846e-06	11.47
51230	DOID:77	6.846e-06	11.47
51246	DOID:0014667	0	4.29
51246	DOID:0050013	0	5.35
51246	DOID:0060158	0	4.74
51246	DOID:4194	0	5.51
51246	DOID:9351	0	5.51
51338	DOID:225	0	4
51419	DOID:14566	0	1.19
51419	DOID:162	0	1.22
51430	DOID:14566	0	1.38
51430	DOID:162	0	1.41
51430	DOID:7	0	1.75
51445	DOID:0014667	8.136e-07	6.13
51445	DOID:1927	3.673e-09	15.71
51445	DOID:3211	3.673e-09	15.71
51445	DOID:655	0.0001425	4.33
51445	DOID:9455	3.673e-09	15.71
51695	DOID:14566	0	1.82
51695	DOID:162	0	1.86
52016	DOID:14566	0	1.19
52016	DOID:162	0	1.22
52025	DOID:7	0	1.75
52047	DOID:0050589	0.0001593	5.66
52047	DOID:1579	0.0003835	6.08
52047	DOID:2163	0.0004214	5.99
52047	DOID:225	0.0001967	6
52047	DOID:2825	0.000553	5.74
52047	DOID:4481	0.0003835	6.08
52047	DOID:4483	0.0003835	6.08
52047	DOID:5295	7.977e-06	7.55
52047	DOID:7	7.977e-06	7.55
52047	DOID:77	7.977e-06	7.55
52047	DOID:8778	7.977e-06	7.55
52047	DOID:974	0.0003835	6.08
52047	DOID:9778	0.0001967	6
52058	DOID:0050117	4.871e-05	9.68
52058	DOID:0050136	0.0004756	6.63
52058	DOID:1080	4.871e-05	9.68
52058	DOID:13564	0.0004756	6.63
52058	DOID:1398	4.871e-05	9.68
52058	DOID:1564	0.0004756	6.63
52058	DOID:2473	0.0004756	6.63
52058	DOID:883	4.871e-05	9.68
52113	DOID:0050177	1.289e-07	7.47
52113	DOID:0050686	0.0004527	5.08
52113	DOID:0050736	3.531e-11	11.18
52113	DOID:0050739	8.408e-08	7.65
52113	DOID:14566	0.0004527	5.08
52113	DOID:1612	0.0004527	5.08
52113	DOID:162	0.0004527	5.08
52113	DOID:3459	0.0004527	5.08
52113	DOID:5093	0.0004527	5.08
52113	DOID:5683	1.269e-13	14.31
52113	DOID:630	5.36e-07	6.89
52113	DOID:8029	0.0004527	5.08
52129	DOID:0050687	0.0008667	3.69
52129	DOID:14566	0.0008667	3.69
52129	DOID:162	0.0008667	3.69
52129	DOID:1909	0.0008667	3.69
52141	DOID:14566	0	1.19
52141	DOID:162	0	1.22
52151	DOID:0014667	3.296e-05	5.13
52151	DOID:0060158	8.83e-06	5.72
52151	DOID:3211	0.000412	6.34
52151	DOID:374	1.728e-06	8.18
52151	DOID:654	1.992e-06	8.08
52151	DOID:655	0.0002629	6.86
52151	DOID:9455	0.0002629	6.86
52151	DOID:9970	1.728e-06	8.18
52200	DOID:0050117	2.446e-06	5.83
52200	DOID:0050136	3.375e-08	14.78
52200	DOID:0050161	3.223e-10	9.18
52200	DOID:0050589	0.0009066	4.89
52200	DOID:0060056	0.0009337	4.28
52200	DOID:0080000	5.611e-05	9.17
52200	DOID:10223	5.611e-05	9.17
52200	DOID:1080	9.353e-10	26.83
52200	DOID:11335	0.0006607	6.06
52200	DOID:1176	4.545e-12	11.87
52200	DOID:12365	3.462e-06	9.47
52200	DOID:13564	1.609e-10	23.65
52200	DOID:1398	9.353e-10	26.83
52200	DOID:1564	0.0003962	5.31
52200	DOID:1579	2.903e-07	6.44
52200	DOID:17	5.611e-05	9.17
52200	DOID:2320	4.545e-12	11.87
52200	DOID:2473	2.035e-08	15.49
52200	DOID:2789	3.462e-06	9.47
52200	DOID:2841	4.545e-12	11.87
52200	DOID:2914	0.0006607	6.06
52200	DOID:2916	0.0006607	6.06
52200	DOID:3118	0.0008232	4.51
52200	DOID:409	0.0008232	4.51
52200	DOID:423	5.611e-05	9.17
52200	DOID:5295	0.0009066	4.89
52200	DOID:633	0.0006935	6.01
52200	DOID:66	5.611e-05	9.17
52200	DOID:7	0.0004596	3.25
52200	DOID:77	0.0008232	4.89
52200	DOID:850	2.916e-10	9.23
52200	DOID:883	9.353e-10	26.83
52218	DOID:0014667	0.0008557	4.16
52218	DOID:0050117	2.914e-05	9.28
52218	DOID:0050161	0.0001178	6.26
52218	DOID:0050686	1.714e-05	6.7
52218	DOID:0050828	0.0008378	5.36
52218	DOID:0060158	0.0008557	4.16
52218	DOID:10591	0.0008378	5.36
52218	DOID:10763	0.0008378	5.36
52218	DOID:10952	0.0003215	6.34
52218	DOID:1176	0.0001283	6.19
52218	DOID:1192	9.737e-05	6.42
52218	DOID:12365	2.914e-05	9.28
52218	DOID:1287	0.0008378	5.36
52218	DOID:1289	1.34e-05	5.77
52218	DOID:1398	0.0001242	7.43
52218	DOID:14566	0	1.82
52218	DOID:150	0.0002009	4.35
52218	DOID:1561	2.625e-05	5.4
52218	DOID:1579	0.0001178	6.26
52218	DOID:162	0	1.86
52218	DOID:178	0.0008378	5.36
52218	DOID:18	0.0003215	6.34
52218	DOID:2320	0.0003766	5.3
52218	DOID:2621	9.737e-05	6.42
52218	DOID:2789	6.574e-05	8.21
52218	DOID:2841	0.0001178	6.26
52218	DOID:3093	1.714e-05	6.7
52218	DOID:331	9.059e-05	4.76
52218	DOID:557	0.0003215	6.34
52218	DOID:6364	9.405e-06	10.96
52218	DOID:7	0	2.32
52218	DOID:850	0.0001178	6.26
52218	DOID:863	9.405e-06	10.96
52218	DOID:936	9.405e-06	10.96
52343	DOID:0050117	1.53e-05	8.96
52343	DOID:0050161	0.0001351	5.65
52343	DOID:0050828	0.0003454	5.06
52343	DOID:10763	0.0003454	5.06
52343	DOID:12365	1.53e-05	8.96
52343	DOID:1287	0.0003454	5.06
52343	DOID:1398	9.414e-05	7.12
52343	DOID:1459	2.598e-05	10.09
52343	DOID:1579	1.455e-05	9.02
52343	DOID:178	0.0003454	5.06
52343	DOID:2163	1.608e-05	8.9
52343	DOID:2320	0.0001351	5.65
52343	DOID:2789	4.234e-05	7.9
52343	DOID:28	2.598e-05	10.09
52343	DOID:2825	1.455e-05	9.02
52343	DOID:2914	3.109e-07	18.84
52343	DOID:3262	3.109e-07	18.84
52343	DOID:331	0.0001303	7.87
52343	DOID:4481	1.455e-05	9.02
52343	DOID:4483	1.455e-05	9.02
52343	DOID:50	2.598e-05	10.09
52343	DOID:612	3.109e-07	18.84
52343	DOID:6364	0.0001303	7.87
52343	DOID:7	0	3.16
52343	DOID:850	0.0007273	4.6
52343	DOID:863	0.0001303	7.87
52343	DOID:936	0.0001303	7.87
52343	DOID:974	1.455e-05	9.02
52490	DOID:150	0.000829	4.61
52490	DOID:1561	0.000829	4.61
52490	DOID:2468	0.0008438	4.6
52490	DOID:5419	0.000829	4.61
52768	DOID:0050686	0.0001527	7.66
52768	DOID:0060058	0.0001527	7.66
52768	DOID:0060083	0.0001527	7.66
52768	DOID:14566	0.0001527	7.66
52768	DOID:162	0.0001527	7.66
52768	DOID:2531	0.0001527	7.66
52768	DOID:8567	0.0001527	7.66
52777	DOID:0060049	1.268e-05	10.7
52777	DOID:0060056	1.268e-05	10.7
52777	DOID:12236	1.268e-05	10.7
52777	DOID:2914	1.268e-05	10.7
52777	DOID:3118	1.268e-05	10.7
52777	DOID:409	1.268e-05	10.7
52777	DOID:417	1.268e-05	10.7
52777	DOID:5082	1.268e-05	10.7
52777	DOID:7	1.268e-05	10.7
52777	DOID:77	1.268e-05	10.7
52833	DOID:0050687	0.0002001	7.7
52833	DOID:0060056	0.000358	5.86
52833	DOID:0060072	0.0003102	4.97
52833	DOID:0060084	0.0003102	4.97
52833	DOID:11870	7.848e-06	9.9
52833	DOID:11963	0.0001161	8.43
52833	DOID:12306	0.000358	5.86
52833	DOID:1289	7.848e-06	9.9
52833	DOID:13976	0.0001161	8.43
52833	DOID:14566	0.0002001	7.7
52833	DOID:162	0.0002001	7.7
52833	DOID:2355	0.0004722	6.63
52833	DOID:2914	0.000358	6.63
52833	DOID:3070	0.0002001	7.7
52833	DOID:3181	0.0002001	7.7
52833	DOID:331	7.848e-06	9.9
52833	DOID:417	0.000358	5.86
52833	DOID:583	0.0004722	6.63
52833	DOID:589	0.0004722	6.63
52833	DOID:6050	0.0001518	5.92
52833	DOID:657	0.0003102	4.97
52833	DOID:7	7.848e-06	9.9
52833	DOID:720	0.0004722	6.63
52833	DOID:74	0.0004722	6.63
52833	DOID:750	0.0001161	8.43
52833	DOID:77	0.0001161	8.43
52833	DOID:863	7.848e-06	9.9
52980	DOID:14566	0	1.38
52980	DOID:162	0	1.41
52980	DOID:2914	0.0003048	5.45
52980	DOID:7	0.0003048	5.45
52980	DOID:74	0.0003048	5.45
53092	DOID:7	0	1.52
53254	DOID:14566	0	1.69
53254	DOID:162	0	1.72
53271	DOID:0080001	0	4.72
53271	DOID:13189	0	28.54
53271	DOID:17	0	3.84
53271	DOID:3342	0	5.24
53271	DOID:7	0	1.52
53271	DOID:848	0	5.41
53300	DOID:0060039	1.391e-05	11.59
53300	DOID:0060056	1.391e-05	11.59
53300	DOID:1247	0.0007525	5.57
53300	DOID:1588	0.0007525	5.57
53300	DOID:16	1.391e-05	11.59
53300	DOID:2213	0.0007525	5.57
53300	DOID:2218	0.0007525	5.57
53300	DOID:2723	1.391e-05	11.59
53300	DOID:2914	1.391e-05	11.59
53300	DOID:37	1.391e-05	11.59
53300	DOID:417	1.391e-05	11.59
53300	DOID:7	1.391e-05	11.59
53300	DOID:74	0.0007525	5.57
53300	DOID:8502	1.391e-05	11.59
53300	DOID:8505	1.391e-05	11.59
53300	DOID:8506	0.0006384	6.26
53474	DOID:0050686	1.461e-05	7.87
53474	DOID:14566	1.461e-05	7.87
53474	DOID:162	1.461e-05	7.87
53474	DOID:3093	1.461e-05	7.87
53474	DOID:3565	1.461e-05	7.87
53474	DOID:3620	0.0001311	4.57
53649	DOID:0014667	9.517e-12	29.76
53649	DOID:12798	9.517e-12	29.76
53649	DOID:3211	1.015e-05	8.38
53649	DOID:655	9.517e-12	29.76
53659	DOID:7	0	1.52
53732	DOID:14566	0	1.19
53732	DOID:162	0	1.22
53756	DOID:0014667	5.139e-08	24.65
53756	DOID:2739	5.139e-08	24.65
53756	DOID:2741	3.32e-05	8.45
53756	DOID:655	5.139e-08	24.65
53822	DOID:0060037	0.0001372	6.08
53822	DOID:0060040	0.0001372	6.08
53822	DOID:0060041	0.0001521	6.01
53822	DOID:12849	0.0001372	6.08
53822	DOID:1289	2.164e-07	9.42
53822	DOID:150	2.045e-08	6.82
53822	DOID:1561	3.652e-10	9.05
53822	DOID:1826	6.674e-08	9.56
53822	DOID:2234	7.739e-10	15.24
53822	DOID:231	0.0001037	4.63
53822	DOID:2468	3.652e-10	9.05
53822	DOID:331	7.739e-10	15.24
53822	DOID:3312	0.0004353	5.56
53822	DOID:332	2.164e-07	9.42
53822	DOID:3324	0.0004353	5.56
53822	DOID:3328	7.739e-10	15.24
53822	DOID:5419	3.652e-10	9.05
53822	DOID:7	7.739e-10	15.24
53822	DOID:863	0.000315	4.21
53822	DOID:936	7.739e-10	15.24
53850	DOID:1289	4.019e-06	9.28
53850	DOID:150	5.27e-11	7.65
53850	DOID:1561	3.531e-11	9.87
53850	DOID:1826	2.956e-06	11.15
53850	DOID:2234	2.956e-06	11.15
53850	DOID:230	4.019e-06	9.28
53850	DOID:231	4.019e-06	9.28
53850	DOID:2468	3.531e-11	9.87
53850	DOID:331	2.956e-06	11.15
53850	DOID:3312	0.0003968	5.91
53850	DOID:332	2.708e-05	7.58
53850	DOID:3324	0.0003968	5.91
53850	DOID:3328	2.956e-06	11.15
53850	DOID:5419	3.531e-11	9.87
53850	DOID:7	2.956e-06	11.15
53850	DOID:863	0.0005052	3.37
53850	DOID:936	2.956e-06	11.15
54001	DOID:0060039	0.0001115	7.41
54001	DOID:0060056	3.117e-07	15.03
54001	DOID:16	3.117e-07	15.03
54001	DOID:2723	3.117e-07	15.03
54001	DOID:2914	3.117e-07	15.03
54001	DOID:37	3.117e-07	15.03
54001	DOID:417	3.117e-07	15.03
54001	DOID:7	3.117e-07	15.03
54001	DOID:8502	3.117e-07	15.03
54001	DOID:8505	3.117e-07	15.03
54117	DOID:0050117	4.055e-09	7.21
54117	DOID:0050161	1.719e-06	6.54
54117	DOID:0050338	4.944e-08	9.03
54117	DOID:0050589	7.558e-06	6.78
54117	DOID:0050686	0.000315	7.08
54117	DOID:0060056	1.129e-06	6.56
54117	DOID:0060083	0.0005399	4.86
54117	DOID:0060100	0.000315	7.08
54117	DOID:0080001	3.172e-08	7.67
54117	DOID:1036	0.0005399	4.86
54117	DOID:104	4.944e-08	9.03
54117	DOID:1091	0.0005866	5.39
54117	DOID:1176	0.0009131	4.57
54117	DOID:1240	0.0005399	4.86
54117	DOID:1287	0.000157	4.74
54117	DOID:1289	0.000315	5.18
54117	DOID:14566	0.000315	7.08
54117	DOID:15	0.0008446	4.18
54117	DOID:1579	0.0007431	4.12
54117	DOID:16	1.462e-05	5.56
54117	DOID:162	0.000315	7.08
54117	DOID:17	3.172e-08	7.67
54117	DOID:178	0.000157	4.74
54117	DOID:201	0.000315	7.08
54117	DOID:2320	0.0009131	4.57
54117	DOID:2377	0.000315	5.18
54117	DOID:2531	0.0005399	4.86
54117	DOID:2841	0.0009131	4.57
54117	DOID:2914	1.129e-06	7.08
54117	DOID:3118	0.0006051	4.5
54117	DOID:3213	0.0007474	3.47
54117	DOID:331	0.000315	5.18
54117	DOID:3342	7.423e-08	7.37
54117	DOID:3388	0.0009337	5.05
54117	DOID:349	0.0007572	6.05
54117	DOID:350	0.000315	7.08
54117	DOID:37	1.17e-08	8.22
54117	DOID:403	0.0005866	5.39
54117	DOID:409	0.0006051	4.5
54117	DOID:417	1.129e-06	6.56
54117	DOID:4798	0.000315	7.08
54117	DOID:5295	7.558e-06	6.78
54117	DOID:7	7.13e-06	4.34
54117	DOID:74	0.000315	7.08
54117	DOID:77	0.0005892	4.01
54117	DOID:824	0.0005866	5.39
54117	DOID:848	3.172e-08	7.67
54117	DOID:850	0.0009131	4.57
54117	DOID:863	0.000315	5.18
54117	DOID:865	0.000656	4.39
54117	DOID:9500	0.000315	7.08
54197	DOID:14566	0	1.19
54197	DOID:162	0	1.22
54197	DOID:7	0	1.52
54403	DOID:16	0.0007066	5.7
54403	DOID:37	0.0007066	5.7
54403	DOID:7	0.0007066	5.7
54403	DOID:8893	0.0007066	5.7
54452	DOID:0014667	2.011e-06	5.92
54452	DOID:0050013	2.851e-07	6.91
54452	DOID:0050117	5.232e-07	6.2
54452	DOID:0050155	0.0001057	8.43
54452	DOID:0050177	7.38e-07	7.49
54452	DOID:0050338	0.0003742	5.39
54452	DOID:0050686	0.00068	4.34
54452	DOID:0050737	0.0007266	4.76
54452	DOID:0050739	7.38e-07	7.49
54452	DOID:0060005	0.0002692	4.79
54452	DOID:0060056	1.212e-09	13.27
54452	DOID:0060158	2.851e-07	6.91
54452	DOID:0080001	2.355e-06	9.07
54452	DOID:1024	0.0004662	4.15
54452	DOID:104	0.0003742	5.39
54452	DOID:10923	7.38e-07	7.49
54452	DOID:1123	6.906e-06	9.07
54452	DOID:11335	1.898e-05	8.14
54452	DOID:12361	1.212e-09	13.27
54452	DOID:1247	9.414e-05	7.22
54452	DOID:1287	3.3e-08	11.72
54452	DOID:1289	3.148e-12	11.9
54452	DOID:13141	0.0001057	8.43
54452	DOID:13241	3.3e-08	11.72
54452	DOID:13378	1.026e-07	11.95
54452	DOID:13580	5.749e-05	6.83
54452	DOID:14566	0.00068	4.34
54452	DOID:1492	0.0001057	8.43
54452	DOID:1579	0.0005203	5.81
54452	DOID:1586	0.0003567	6.35
54452	DOID:16	0.0002541	4.68
54452	DOID:1602	1.026e-07	11.95
54452	DOID:162	0.00068	4.34
54452	DOID:17	2.355e-06	9.07
54452	DOID:178	3.3e-08	11.72
54452	DOID:1852	5.749e-05	6.83
54452	DOID:2163	0.0005743	5.72
54452	DOID:2213	0.0003796	5.67
54452	DOID:225	3.525e-07	10.72
54452	DOID:2352	7.927e-05	8.83
54452	DOID:2377	3.148e-12	11.9
54452	DOID:2723	1.319e-05	9.58
54452	DOID:28	0.0003421	4.8
54452	DOID:2825	0.000758	5.48
54452	DOID:2914	9.462e-06	4.95
54452	DOID:2916	1.898e-05	8.14
54452	DOID:3118	6.288e-08	7.7
54452	DOID:3119	0.00068	4.34
54452	DOID:3213	3.74e-12	11.81
54452	DOID:331	3.148e-12	11.9
54452	DOID:3342	2.355e-06	6.49
54452	DOID:3480	0.0001057	8.43
54452	DOID:3571	0.00068	4.34
54452	DOID:37	8.134e-06	6.36
54452	DOID:381	6.906e-06	9.07
54452	DOID:409	6.288e-08	7.7
54452	DOID:4138	5.749e-05	6.83
54452	DOID:417	5.782e-08	7.49
54452	DOID:4194	2.851e-07	6.91
54452	DOID:421	3.065e-05	8.63
54452	DOID:4481	0.0005203	5.81
54452	DOID:4483	0.0005203	5.81
54452	DOID:4535	5.63e-05	7.99
54452	DOID:484	9.414e-05	7.22
54452	DOID:50	1.212e-09	13.27
54452	DOID:5614	0.0001057	8.43
54452	DOID:630	7.38e-07	7.49
54452	DOID:65	0.0003567	6.35
54452	DOID:655	7.927e-05	8.83
54452	DOID:6590	6.906e-06	9.07
54452	DOID:686	0.00068	4.34
54452	DOID:7	3.148e-12	13.27
54452	DOID:74	9.414e-05	7.22
54452	DOID:75	1.026e-07	11.95
54452	DOID:77	0.0002131	4.32
54452	DOID:7998	6.618e-09	11.93
54452	DOID:8502	1.319e-05	9.58
54452	DOID:863	3.148e-12	11.9
54452	DOID:865	2.35e-06	6.25
54452	DOID:8869	0.0002773	7.01
54452	DOID:896	7.927e-05	8.83
54452	DOID:9008	3.525e-07	10.72
54452	DOID:9182	1.319e-05	9.58
54452	DOID:9351	2.851e-07	6.91
54452	DOID:974	0.0005203	5.81
54452	DOID:9741	5.749e-05	6.83
54452	DOID:987	3.065e-05	8.63
54452	DOID:9942	1.698e-07	11.44
54556	DOID:0050161	0.0001194	6.35
54556	DOID:1176	0.0001283	6.28
54556	DOID:1579	0	6.07
54556	DOID:2320	0.000312	5.43
54556	DOID:2841	0.0001194	6.35
54556	DOID:7	0	1.75
54556	DOID:850	0.000855	4.54
54768	DOID:0050117	0.000293	4.86
54768	DOID:934	0.000293	4.86
54862	DOID:7	0	1.52
55008	DOID:7	0	1.75
55307	DOID:150	0.000829	4.61
55307	DOID:1561	0.000829	4.61
55307	DOID:2468	0.0008438	4.6
55307	DOID:5419	0.000829	4.61
55455	DOID:14566	0	1.38
55455	DOID:162	0	1.41
55455	DOID:7	0	1.75
55486	DOID:0050155	8.778e-07	10.26
55486	DOID:0050686	1.76e-05	7.77
55486	DOID:0050687	4.886e-07	12.49
55486	DOID:0050700	0.0003091	5.46
55486	DOID:0050828	7.115e-07	6.32
55486	DOID:0060036	0.0003091	5.46
55486	DOID:0060100	1.76e-05	7.77
55486	DOID:0060122	4.606e-05	6.07
55486	DOID:10754	0.0005063	6.54
55486	DOID:1091	0.0001084	5.91
55486	DOID:114	0.0003091	5.46
55486	DOID:11830	8.778e-07	10.26
55486	DOID:120	0.0002932	5.49
55486	DOID:1287	0.0009682	3.76
55486	DOID:13378	1.56e-05	7.86
55486	DOID:1380	0.0003758	5.33
55486	DOID:14566	4.886e-07	12.49
55486	DOID:1492	8.778e-07	10.26
55486	DOID:1602	1.56e-05	7.86
55486	DOID:1612	0.000129	5.07
55486	DOID:162	4.886e-07	12.49
55486	DOID:178	5.568e-08	8.01
55486	DOID:193	0.0007864	4.09
55486	DOID:1936	5.568e-08	8.01
55486	DOID:201	1.76e-05	7.77
55486	DOID:2348	5.828e-08	7.99
55486	DOID:2349	5.568e-08	8.01
55486	DOID:2742	0.0005063	6.54
55486	DOID:2871	0.0002932	5.49
55486	DOID:2914	1.56e-05	7.86
55486	DOID:305	0.0006934	5.24
55486	DOID:3069	4.886e-07	12.49
55486	DOID:3070	4.886e-07	12.49
55486	DOID:3076	4.886e-07	12.49
55486	DOID:3371	1.76e-05	7.77
55486	DOID:3627	7.354e-05	7.17
55486	DOID:363	0.0002932	5.49
55486	DOID:403	0.0001084	5.91
55486	DOID:4866	0.0006934	5.24
55486	DOID:5093	0.000129	5.07
55486	DOID:5100	0.0005063	6.54
55486	DOID:520	7.354e-05	7.17
55486	DOID:5614	8.778e-07	10.26
55486	DOID:7	5.568e-08	10.26
55486	DOID:75	0.0007452	4.58
55486	DOID:7693	7.354e-05	7.17
55486	DOID:77	0.0001084	5.91
55486	DOID:863	8.778e-07	10.26
55486	DOID:9835	7.38e-05	5.72
55486	DOID:9942	2.525e-05	7.5
55550	DOID:0050117	0.0001498	4.57
55550	DOID:0050686	0.0001115	3.89
55550	DOID:0060071	0.000255	5.31
55550	DOID:0060083	0.0003039	3.97
55550	DOID:1240	0.0003039	3.97
55550	DOID:14566	0.0001115	5.31
55550	DOID:1612	0.0002907	4.7
55550	DOID:162	0.0001115	4.7
55550	DOID:2531	0.0003039	3.97
55550	DOID:2914	1.773e-08	11.77
55550	DOID:4961	1.773e-08	11.77
55550	DOID:5093	0.0002907	4.7
55550	DOID:7	1.773e-08	11.77
55550	DOID:74	1.773e-08	11.77
55550	DOID:8432	1.773e-08	11.77
55550	DOID:8552	0.0003039	3.97
55550	DOID:8692	0.0003039	3.97
55550	DOID:8719	0.000255	5.31
55681	DOID:10595	1.305e-06	15.14
55681	DOID:440	0.0005095	6.1
55681	DOID:7	1.305e-06	15.14
55681	DOID:863	1.305e-06	15.14
55681	DOID:870	1.305e-06	15.14
55811	DOID:1289	4.09e-05	8.83
55811	DOID:230	4.09e-05	8.83
55811	DOID:231	0.0002508	6.62
55811	DOID:331	4.09e-05	8.83
55811	DOID:332	0.0001417	7.27
55811	DOID:7	4.09e-05	8.83
55811	DOID:863	4.09e-05	8.83
55979	DOID:0050615	0	5.63
55979	DOID:0050686	0	2
55979	DOID:1324	0	6.39
55979	DOID:14566	0	1.19
55979	DOID:162	0	1.22
55979	DOID:3905	0	6.4
56112	DOID:0050117	8.264e-05	7.85
56112	DOID:0050155	0.0002496	4.31
56112	DOID:0050177	0.0006367	5.1
56112	DOID:0050615	0.0001476	4.68
56112	DOID:0050686	0.0002508	3.96
56112	DOID:0050687	1.525e-06	5.74
56112	DOID:0050737	0.0006367	5.1
56112	DOID:0050739	0.0006367	5.1
56112	DOID:0060100	0.0005811	4.68
56112	DOID:0060116	0.0002496	4.31
56112	DOID:0080001	0.0004353	5.53
56112	DOID:0080006	0.0004353	5.53
56112	DOID:10155	4.811e-05	4.88
56112	DOID:10283	2.553e-05	5.56
56112	DOID:11971	0.0004353	5.53
56112	DOID:120	4.227e-05	6.9
56112	DOID:12148	8.264e-05	7.85
56112	DOID:12704	0.0006367	5.1
56112	DOID:1324	0.0001476	4.68
56112	DOID:1398	8.264e-05	7.85
56112	DOID:14566	0.0003273	3.89
56112	DOID:1492	0.0002496	4.31
56112	DOID:1496	8.264e-05	7.85
56112	DOID:1612	1.244e-09	7.49
56112	DOID:162	1.244e-09	7.49
56112	DOID:17	0.0004353	5.53
56112	DOID:193	2.553e-05	6.9
56112	DOID:1934	0.0004353	5.53
56112	DOID:2174	0.0002496	4.31
56112	DOID:2893	4.227e-05	6.9
56112	DOID:3070	1.525e-06	5.74
56112	DOID:3093	0.0002496	4.31
56112	DOID:3119	4.811e-05	4.88
56112	DOID:3247	0.0005811	4.68
56112	DOID:3571	0.0002339	4.4
56112	DOID:3702	4.227e-05	6.9
56112	DOID:3856	2.553e-05	5.56
56112	DOID:3905	0.0001476	4.68
56112	DOID:4043	0.0005811	4.68
56112	DOID:4045	0.0005811	4.68
56112	DOID:4362	4.227e-05	6.9
56112	DOID:4645	0.0002496	4.31
56112	DOID:5093	2.435e-05	5
56112	DOID:5614	0.0002496	4.31
56112	DOID:5672	5.036e-05	4.87
56112	DOID:5679	0.0002496	4.31
56112	DOID:630	0.0006367	5.1
56112	DOID:686	0.0002339	4.4
56112	DOID:7	0.0002496	5.53
56112	DOID:863	0.0002496	4.31
56112	DOID:883	8.264e-05	7.85
56112	DOID:9256	4.811e-05	4.88
56327	DOID:0050686	0.0005095	5.43
56327	DOID:0060083	0.0005095	5.43
56327	DOID:0070004	0.0005095	5.43
56327	DOID:14566	0.0005095	5.43
56327	DOID:162	0.0005095	5.43
56327	DOID:2531	0.0005095	5.43
56327	DOID:4960	0.0005892	5.3
56366	DOID:0050686	0	3.05
56366	DOID:0060056	0.0001525	7.18
56366	DOID:10952	9.415e-06	8.61
56366	DOID:14566	0	1.82
56366	DOID:1575	0.0001525	7.18
56366	DOID:162	0	1.86
56366	DOID:17	0.0001525	7.18
56366	DOID:18	2.112e-06	10.26
56366	DOID:2914	0.0001525	7.18
56366	DOID:2921	2.112e-06	10.26
56366	DOID:417	0.0001525	7.18
56366	DOID:419	0.0001525	7.18
56366	DOID:557	0.0003859	5.28
56366	DOID:65	0.0001525	7.18
56366	DOID:7	2.112e-06	10.26
56366	DOID:854	0.0001903	6.92
56436	DOID:0050117	0.0003577	6.28
56436	DOID:0050136	0.0005011	5.96
56436	DOID:0050161	0.0006106	5.85
56436	DOID:10952	8.361e-05	6.08
56436	DOID:1176	0.0006106	5.85
56436	DOID:1564	0.0003577	6.28
56436	DOID:1579	0.0006106	5.85
56436	DOID:18	8.361e-05	6.08
56436	DOID:2320	0.0006106	5.85
56436	DOID:2473	0.0003577	6.28
56436	DOID:2921	8.361e-05	6.08
56436	DOID:557	8.361e-05	6.08
56436	DOID:6132	0.0006106	5.85
56436	DOID:7	8.361e-05	6.08
56436	DOID:850	0.0006106	5.85
56512	DOID:0014667	0	3.71
56512	DOID:0050013	0	4.63
56512	DOID:0050117	0	3.62
56512	DOID:0050161	0	5.41
56512	DOID:0050686	0	2
56512	DOID:0050828	0	4.48
56512	DOID:0060056	0	4.73
56512	DOID:0060158	0	4.1
56512	DOID:0080000	0	9.15
56512	DOID:10591	0	8.64
56512	DOID:10652	0	7.12
56512	DOID:10763	0	5.86
56512	DOID:10952	0	10.09
56512	DOID:1176	0	7.39
56512	DOID:1192	0	7.46
56512	DOID:12365	0	14.46
56512	DOID:1287	0	3.71
56512	DOID:1289	0	4.52
56512	DOID:1307	0	6.65
56512	DOID:1398	0	11.69
56512	DOID:14566	0	1.19
56512	DOID:150	0	3.47
56512	DOID:1561	0	4.24
56512	DOID:1579	0	5.25
56512	DOID:162	0	1.22
56512	DOID:17	0	3.84
56512	DOID:178	0	4.08
56512	DOID:18	0	6.31
56512	DOID:225	0	3.1
56512	DOID:2320	0	6.42
56512	DOID:2621	0	7.65
56512	DOID:2789	0	12.86
56512	DOID:2841	0	7.47
56512	DOID:2914	0	3.79
56512	DOID:3083	0	9.64
56512	DOID:3093	0	6.33
56512	DOID:326	0	10.31
56512	DOID:331	0	3.77
56512	DOID:417	0	5.09
56512	DOID:4194	0	4.77
56512	DOID:557	0	6.4
56512	DOID:6364	0	16.97
56512	DOID:680	0	7.11
56512	DOID:7	0	1.52
56512	DOID:77	0	4.19
56512	DOID:850	0	5.43
56512	DOID:863	0	2.93
56512	DOID:8857	0	7.3
56512	DOID:9351	0	4.77
56512	DOID:936	0	6.51
56512	DOID:974	0	12.92
56574	DOID:0050828	0.0009352	4.47
56574	DOID:10591	0.0009352	4.47
56574	DOID:1074	0.0001644	7.81
56574	DOID:10763	0.0009352	4.47
56574	DOID:1247	6.716e-06	10.35
56574	DOID:1287	0.0003036	4.55
56574	DOID:13129	0.0009352	4.47
56574	DOID:178	0.0003036	4.55
56574	DOID:18	0.0001644	7.81
56574	DOID:2452	6.716e-06	10.35
56574	DOID:2914	6.716e-06	10.35
56574	DOID:557	0.0001644	7.81
56574	DOID:7	6.716e-06	10.35
56574	DOID:74	6.716e-06	10.35
56574	DOID:784	0.0001644	7.81
56655	DOID:150	6.584e-06	9.8
56655	DOID:1561	6.584e-06	9.8
56655	DOID:3312	6.584e-06	9.8
56655	DOID:3324	8.134e-06	9.5
56854	DOID:0050117	3.166e-05	7.08
56854	DOID:0050338	0.0008745	5.59
56854	DOID:0050686	3.323e-06	8.96
56854	DOID:0050687	0.0005892	3.75
56854	DOID:0060005	0.000116	7.92
56854	DOID:0060056	0.000116	7.92
56854	DOID:0060083	3.323e-06	8.96
56854	DOID:0060100	0.0001476	5.9
56854	DOID:1036	3.323e-06	8.96
56854	DOID:1037	3.323e-06	8.96
56854	DOID:104	0.0008745	5.59
56854	DOID:1040	3.323e-06	8.96
56854	DOID:10534	0.0001331	7.74
56854	DOID:12361	0.000116	7.92
56854	DOID:1240	0.0004984	4.38
56854	DOID:14566	3.323e-06	8.96
56854	DOID:162	3.323e-06	8.96
56854	DOID:201	0.0001476	5.9
56854	DOID:2531	3.323e-06	8.96
56854	DOID:28	0.000116	7.92
56854	DOID:2914	0.000116	7.92
56854	DOID:305	0.0005892	3.75
56854	DOID:3119	0.0001331	7.74
56854	DOID:3298	3.166e-05	7.08
56854	DOID:3602	1.568e-05	10.72
56854	DOID:3717	0.0001331	7.74
56854	DOID:399	0.0008745	5.59
56854	DOID:417	0.000116	7.92
56854	DOID:50	0.000898	5.57
56854	DOID:5517	0.0001458	7.63
56854	DOID:7	1.568e-05	10.72
56854	DOID:7998	0.0002217	7.12
56854	DOID:863	1.568e-05	10.72
56854	DOID:934	3.166e-05	7.08
56994	DOID:0014667	0.000439	4.19
56994	DOID:0050161	0.0001097	7.37
56994	DOID:0050686	0	2.83
56994	DOID:0050687	0	3.29
56994	DOID:0050828	0	6.34
56994	DOID:0060071	0.0004254	5.87
56994	DOID:0060158	0.0001929	4.66
56994	DOID:10763	0	8.29
56994	DOID:11612	1.02e-06	10.63
56994	DOID:11613	1.121e-07	19.64
56994	DOID:1287	0	5.24
56994	DOID:1289	7.609e-05	7.82
56994	DOID:1428	4.374e-06	11.88
56994	DOID:14330	7.609e-05	7.82
56994	DOID:14566	0	1.69
56994	DOID:15	0.0001149	4.97
56994	DOID:1579	0.0001097	7.37
56994	DOID:162	0	1.72
56994	DOID:170	9.972e-05	7.48
56994	DOID:178	0	5.77
56994	DOID:1781	9.972e-05	7.48
56994	DOID:1923	3.157e-07	17.08
56994	DOID:225	1.02e-06	10.63
56994	DOID:2277	1.121e-07	19.64
56994	DOID:231	0.0001251	7.21
56994	DOID:26	4.374e-06	11.88
56994	DOID:28	0.0005772	4.74
56994	DOID:305	0	3.75
56994	DOID:3082	0.0001097	7.37
56994	DOID:3118	0.000215	6.6
56994	DOID:331	7.609e-05	7.82
56994	DOID:374	3.095e-05	7.1
56994	DOID:3963	9.972e-05	7.48
56994	DOID:409	0.000215	6.6
56994	DOID:5082	0.000215	6.6
56994	DOID:654	3.387e-05	7.02
56994	DOID:7	0	2.15
56994	DOID:77	0.000215	6.6
56994	DOID:850	0.0001097	7.37
56994	DOID:863	7.609e-05	7.82
56994	DOID:8719	9.059e-05	7.6
56994	DOID:9970	3.095e-05	7.1
57184	DOID:0050686	1.959e-07	9.64
57184	DOID:0050687	0.000116	4.74
57184	DOID:0060050	0.000657	5.11
57184	DOID:0060056	9.044e-06	9.11
57184	DOID:0060072	9.676e-06	10.2
57184	DOID:0060085	9.676e-06	10.2
57184	DOID:0060121	9.676e-06	10.2
57184	DOID:10155	0.0004261	4.37
57184	DOID:1192	1.536e-05	9.64
57184	DOID:14566	1.959e-07	10.2
57184	DOID:162	1.959e-07	9.64
57184	DOID:263	1.959e-07	7.17
57184	DOID:2914	9.044e-06	9.11
57184	DOID:3070	0.000116	4.74
57184	DOID:3093	1.536e-05	9.64
57184	DOID:3119	0.0004261	4.37
57184	DOID:3165	9.676e-06	10.2
57184	DOID:3193	1.536e-05	9.64
57184	DOID:3571	0.0009097	4.07
57184	DOID:3996	1.942e-05	5.38
57184	DOID:417	9.044e-06	9.11
57184	DOID:471	9.676e-06	10.2
57184	DOID:5672	0.0004353	4.36
57184	DOID:686	0.0009097	4.07
57184	DOID:7	9.044e-06	9.11
57184	DOID:8925	9.044e-06	9.11
57184	DOID:9256	0.0004261	4.37
57184	DOID:962	1.536e-05	9.64
57196	DOID:0050828	0.00037	4.69
57196	DOID:0060039	0.0001822	6.46
57196	DOID:0060050	0.0003432	6.37
57196	DOID:0060056	0.0001822	6.46
57196	DOID:1247	5.865e-06	4.55
57196	DOID:1287	0.00037	4.69
57196	DOID:16	3.63e-08	15.68
57196	DOID:178	0.00037	4.69
57196	DOID:1936	0.00037	4.69
57196	DOID:2348	0.0003833	4.68
57196	DOID:2349	0.00037	4.69
57196	DOID:2723	0.0001822	6.46
57196	DOID:2730	3.63e-08	15.68
57196	DOID:2731	0.000402	5.42
57196	DOID:2914	5.865e-06	6.46
57196	DOID:3209	3.63e-08	15.68
57196	DOID:37	3.63e-08	15.68
57196	DOID:417	0.0001822	6.46
57196	DOID:7	0.0009812	3.57
57196	DOID:74	5.865e-06	4.55
57196	DOID:8502	0.0001822	6.46
57196	DOID:8506	0.0001822	6.46
57196	DOID:8925	0.0003432	6.37
57302	DOID:0050161	0.0001726	5.42
57302	DOID:0060056	0.0005406	5.66
57302	DOID:1575	0.0005406	5.66
57302	DOID:1579	0.0001726	5.42
57302	DOID:17	0.0005406	5.66
57302	DOID:2320	0.0001726	5.42
57302	DOID:2914	0.0005406	5.66
57302	DOID:417	0.0005406	5.66
57302	DOID:419	0.0005406	5.66
57302	DOID:65	0.0008079	4.72
57302	DOID:7	0.0001726	5.66
57302	DOID:850	0.0001726	5.42
57302	DOID:854	0.0005406	5.66
57362	DOID:7	0	2.63
57392	DOID:0050117	0	5.52
57392	DOID:0050338	1.721e-05	8
57392	DOID:104	1.721e-05	8
57392	DOID:1091	2.956e-06	9.87
57392	DOID:3388	1.729e-06	10.49
57392	DOID:403	6.357e-06	9.03
57392	DOID:7	1.084e-06	11.07
57392	DOID:77	1.084e-06	11.07
57392	DOID:824	1.084e-06	11.07
57414	DOID:1289	0	4.52
57414	DOID:14566	0	1.19
57414	DOID:162	0	1.22
57414	DOID:331	0	3.77
57414	DOID:7	0	1.52
57414	DOID:863	0	2.93
57440	DOID:0050155	3.763e-05	9.81
57440	DOID:0050161	0.0009641	4.37
57440	DOID:0050615	9.087e-05	7.42
57440	DOID:0050686	3.763e-05	9.81
57440	DOID:0050828	8.007e-05	5.16
57440	DOID:0060058	6.561e-05	7.75
57440	DOID:0060083	3.763e-05	9.81
57440	DOID:0060100	6.853e-05	6.46
57440	DOID:0080000	0.000117	8.23
57440	DOID:10223	0.000117	8.23
57440	DOID:10579	0.0009808	5.69
57440	DOID:10854	0.0003313	5.87
57440	DOID:1091	0.0001164	6.53
57440	DOID:11830	9.421e-05	8.52
57440	DOID:1287	4.944e-08	17.69
57440	DOID:13001	5.568e-08	17.69
57440	DOID:1324	0.0007615	4.65
57440	DOID:1443	0.0009808	5.69
57440	DOID:14566	3.763e-05	9.81
57440	DOID:1492	9.421e-05	8.52
57440	DOID:15	0.0002073	5.7
57440	DOID:1579	0.0003273	6.18
57440	DOID:16	3.763e-05	9.81
57440	DOID:161	3.763e-05	9.81
57440	DOID:162	3.763e-05	9.81
57440	DOID:17	0.000117	8.23
57440	DOID:170	0.0001861	6.71
57440	DOID:178	0.0003294	4.53
57440	DOID:1793	0.0001861	6.71
57440	DOID:18	0.0002601	4.81
57440	DOID:1936	4.944e-08	8.92
57440	DOID:201	6.853e-05	6.46
57440	DOID:225	0.0009312	3.89
57440	DOID:229	0.0007643	4.83
57440	DOID:2348	5.123e-08	8.9
57440	DOID:2349	0.0003579	3.6
57440	DOID:2531	6.561e-05	7.75
57440	DOID:2596	9.087e-05	7.42
57440	DOID:2600	9.087e-05	7.42
57440	DOID:2742	3.763e-05	9.81
57440	DOID:289	0.0002073	5.7
57440	DOID:3082	0.0003273	6.18
57440	DOID:3093	0.0008407	5.85
57440	DOID:3118	0.0006627	4.57
57440	DOID:3275	3.763e-05	9.81
57440	DOID:3277	0.0004114	6.19
57440	DOID:331	3.844e-05	7.76
57440	DOID:3347	6.853e-05	6.46
57440	DOID:3388	6.561e-05	7
57440	DOID:3393	1.253e-07	8.93
57440	DOID:3407	5.568e-08	17.69
57440	DOID:3498	0.0001861	6.71
57440	DOID:3565	0.0008407	5.85
57440	DOID:3620	0.0008407	5.85
57440	DOID:37	3.763e-05	9.81
57440	DOID:3770	0.0003273	6.18
57440	DOID:3905	0.0007615	4.65
57440	DOID:403	6.561e-05	7
57440	DOID:4074	0.0001861	6.71
57440	DOID:409	0.0006627	4.57
57440	DOID:423	0.000117	8.23
57440	DOID:4905	0.0001861	6.71
57440	DOID:5100	3.763e-05	9.81
57440	DOID:557	0.0001242	5.49
57440	DOID:5614	9.421e-05	8.52
57440	DOID:5844	1.253e-07	8.93
57440	DOID:633	0.000117	8.23
57440	DOID:66	0.000117	8.23
57440	DOID:6713	5.568e-08	17.69
57440	DOID:7	4.944e-08	17.69
57440	DOID:77	6.561e-05	7
57440	DOID:850	0.0009192	4.39
57440	DOID:8567	6.561e-05	7.75
57440	DOID:863	3.763e-05	9.81
57440	DOID:869	3.763e-05	9.81
57440	DOID:936	0.0009808	5.69
57440	DOID:9471	3.844e-05	7.76
57440	DOID:9835	0.000728	4.68
57492	DOID:0002116	4.763e-08	21.07
57492	DOID:0050155	4.763e-08	21.07
57492	DOID:0050686	1.184e-05	9.84
57492	DOID:10124	1.605e-06	13.06
57492	DOID:10139	4.763e-08	21.07
57492	DOID:14566	1.184e-05	9.84
57492	DOID:1492	4.763e-08	21.07
57492	DOID:162	1.184e-05	9.84
57492	DOID:3119	1.184e-05	9.84
57492	DOID:4251	1.274e-07	18.42
57492	DOID:4606	1.591e-05	9.41
57492	DOID:4607	3.677e-05	8.33
57492	DOID:4896	1.184e-05	9.84
57492	DOID:4897	1.184e-05	9.84
57492	DOID:5614	4.763e-08	21.07
57492	DOID:7	4.763e-08	21.07
57492	DOID:863	4.763e-08	21.07
57501	DOID:0050161	0.0006177	4.42
57501	DOID:0050686	1.077e-05	5.49
57501	DOID:0060072	1.519e-07	7
57501	DOID:0060083	0.0002554	4.9
57501	DOID:0060085	2.654e-07	12.79
57501	DOID:0060115	2.654e-07	12.79
57501	DOID:0070004	0.0002554	4.9
57501	DOID:0080001	4.475e-05	6.79
57501	DOID:10283	0.00037	5.3
57501	DOID:10487	0.0001238	8.3
57501	DOID:11372	0.0001859	7.76
57501	DOID:14566	1.519e-07	12.79
57501	DOID:15	9.059e-05	4.98
57501	DOID:1579	0.0005769	4.45
57501	DOID:16	0.0003774	5.49
57501	DOID:162	1.077e-05	5.49
57501	DOID:17	4.475e-05	6.79
57501	DOID:1924	0.0001859	7.76
57501	DOID:193	1.077e-05	5.49
57501	DOID:2001	2.654e-07	12.79
57501	DOID:227	4.475e-05	6.79
57501	DOID:2277	0.0001859	7.76
57501	DOID:2531	0.0002554	4.9
57501	DOID:2723	0.0003774	5.49
57501	DOID:28	0.0001859	7.76
57501	DOID:3192	2.654e-07	12.79
57501	DOID:3310	0.0003774	5.49
57501	DOID:3342	4.475e-05	6.79
57501	DOID:37	0.0003774	5.49
57501	DOID:381	4.475e-05	6.79
57501	DOID:3856	0.00037	5.3
57501	DOID:4960	0.0002554	4.9
57501	DOID:4971	0.0002554	4.9
57501	DOID:5295	0.0001238	8.3
57501	DOID:5353	0.0001238	8.3
57501	DOID:7	0.0001563	3.87
57501	DOID:77	0.0001238	8.3
57501	DOID:850	0.0005769	4.45
57535	DOID:0050155	2.374e-10	13.78
57535	DOID:0050177	6.447e-05	6.79
57535	DOID:0050737	6.447e-05	6.79
57535	DOID:0050739	6.447e-05	6.79
57535	DOID:0060056	0.0005051	4.48
57535	DOID:10952	3.561e-05	6.76
57535	DOID:1247	0.0002538	6.08
57535	DOID:1492	2.374e-10	13.78
57535	DOID:17	5.548e-05	4.09
57535	DOID:18	3.561e-05	6.76
57535	DOID:2007	2.374e-10	13.78
57535	DOID:2213	0.0002538	6.08
57535	DOID:2218	0.0002538	6.08
57535	DOID:225	0.000475	4.12
57535	DOID:2355	6.866e-14	17.67
57535	DOID:2738	6.447e-05	6.79
57535	DOID:2914	1.796e-05	4.87
57535	DOID:2921	3.561e-05	6.76
57535	DOID:417	0.0005051	4.48
57535	DOID:4448	3.327e-10	13.51
57535	DOID:557	3.561e-05	6.76
57535	DOID:5614	2.374e-10	13.78
57535	DOID:5679	2.374e-10	13.78
57535	DOID:630	6.447e-05	6.79
57535	DOID:65	5.548e-05	4.09
57535	DOID:7	6.866e-14	17.67
57535	DOID:720	6.866e-14	17.67
57535	DOID:74	6.866e-14	17.67
57535	DOID:8466	2.374e-10	13.78
57535	DOID:863	2.374e-10	13.78
57552	DOID:0050686	6.247e-05	8.8
57552	DOID:0050828	0.0003536	4.67
57552	DOID:0060122	6.247e-05	8.8
57552	DOID:1287	9.241e-06	7.32
57552	DOID:14566	6.247e-05	8.8
57552	DOID:1612	0.0004141	5.23
57552	DOID:162	6.247e-05	8.8
57552	DOID:178	0.0009324	4.15
57552	DOID:1936	9.241e-06	7.32
57552	DOID:2348	9.418e-06	7.31
57552	DOID:2349	9.241e-06	7.32
57552	DOID:2513	6.247e-05	8.8
57552	DOID:3451	0.0002122	7.22
57552	DOID:3459	0.0004141	5.23
57552	DOID:4159	6.247e-05	8.8
57552	DOID:5093	0.0004141	5.23
57552	DOID:7	9.241e-06	7.32
57567	DOID:0060072	0.000319	5.4
57567	DOID:0060084	0.000319	5.4
57567	DOID:14566	0	1.38
57567	DOID:1579	0	6.07
57567	DOID:162	0	1.41
57567	DOID:7	0	1.75
57586	DOID:0050117	5.166e-06	5.65
57586	DOID:0050161	0.0006384	4.57
57586	DOID:0050686	4.839e-07	7.64
57586	DOID:0050828	0.0004959	5.09
57586	DOID:0060056	1.576e-10	10.57
57586	DOID:0060083	0.0002641	3.71
57586	DOID:0070004	1.148e-06	7.64
57586	DOID:0080001	5.348e-13	10.55
57586	DOID:0080005	9.905e-05	7.31
57586	DOID:0080011	9.905e-05	7.31
57586	DOID:1123	5.651e-05	7.88
57586	DOID:1287	3.106e-05	5.34
57586	DOID:1289	0.0002853	5.47
57586	DOID:14566	4.839e-07	7.64
57586	DOID:1579	0.0006384	4.57
57586	DOID:16	0.0004751	4.45
57586	DOID:162	4.839e-07	7.64
57586	DOID:17	3.673e-07	5.59
57586	DOID:170	0.0009933	5.19
57586	DOID:178	3.106e-05	5.34
57586	DOID:1793	0.0009933	5.19
57586	DOID:18	0.0001836	4.9
57586	DOID:1936	0.0004959	5.09
57586	DOID:2115	5.568e-08	14.29
57586	DOID:2348	0.0005052	5.08
57586	DOID:2349	0.0004959	5.09
57586	DOID:2377	0.0002853	5.47
57586	DOID:2531	4.839e-07	6.23
57586	DOID:2583	5.568e-08	14.29
57586	DOID:28	0.0008313	4.43
57586	DOID:2914	1.576e-10	14.29
57586	DOID:3213	0.0002853	5.47
57586	DOID:331	0.0002853	5.47
57586	DOID:3342	1.365e-12	10.2
57586	DOID:381	5.651e-05	7.88
57586	DOID:4074	0.0009933	5.19
57586	DOID:417	4.62e-07	7.03
57586	DOID:421	0.0002063	7.47
57586	DOID:4535	0.0003264	6.92
57586	DOID:4905	0.0009933	5.19
57586	DOID:4960	1.148e-06	7.64
57586	DOID:557	8.435e-07	7.41
57586	DOID:612	5.568e-08	14.29
57586	DOID:620	0.000427	4.94
57586	DOID:7	0	4.02
57586	DOID:74	5.568e-08	14.29
57586	DOID:848	5.348e-13	10.55
57586	DOID:850	0.0006384	4.57
57586	DOID:863	0.0002853	5.47
57586	DOID:8857	1.576e-10	10.57
57586	DOID:987	0.0002063	7.47
57603	DOID:13359	0.0003685	5.27
57603	DOID:17	0.0003685	5.27
57603	DOID:65	0.0003685	5.27
57603	DOID:7	0.0003685	5.27
57603	DOID:854	0.0003685	5.27
57610	DOID:0050155	0.0009951	5.6
57610	DOID:0050686	4.938e-05	6.48
57610	DOID:0060116	0.0009951	5.6
57610	DOID:14566	4.938e-05	6.48
57610	DOID:1459	5.92e-05	9.04
57610	DOID:1492	0.0009951	5.6
57610	DOID:162	4.938e-05	6.48
57610	DOID:2174	0.0009951	5.6
57610	DOID:263	0.000217	5.5
57610	DOID:28	5.92e-05	9.04
57610	DOID:3093	0.0009951	5.6
57610	DOID:3996	4.938e-05	6.48
57610	DOID:4450	4.938e-05	6.48
57610	DOID:4451	0.0001055	5.98
57610	DOID:4645	0.0009951	5.6
57610	DOID:50	5.92e-05	9.04
57610	DOID:5614	0.0009951	5.6
57610	DOID:5679	0.0009951	5.6
57610	DOID:7	5.92e-05	9.04
57610	DOID:863	0.0009951	5.6
57630	DOID:0050828	2.03e-05	8.63
57630	DOID:1247	7.345e-11	14.21
57630	DOID:1287	0.0004358	3.69
57630	DOID:13241	4.617e-05	8.97
57630	DOID:178	1.297e-06	6.14
57630	DOID:18	0.0002055	4.94
57630	DOID:1936	2.03e-05	7.12
57630	DOID:2214	6.714e-06	6.16
57630	DOID:225	0.000855	3.8
57630	DOID:2348	2.071e-05	7.1
57630	DOID:2349	2.03e-05	7.12
57630	DOID:26	9.462e-06	11.32
57630	DOID:28	9.462e-06	11.32
57630	DOID:2913	9.462e-06	11.32
57630	DOID:2914	7.345e-11	14.21
57630	DOID:3393	5.939e-05	8.63
57630	DOID:4989	0.0001358	7.57
57630	DOID:557	5.714e-06	7.12
57630	DOID:5844	5.939e-05	8.63
57630	DOID:7	0	2.63
57630	DOID:74	1.209e-07	8.51
57630	DOID:865	4.617e-05	8.97
57630	DOID:9408	5.939e-05	8.63
57716	DOID:0000000	0.0002558	6.29
57716	DOID:0050686	0.0001548	5.6
57716	DOID:0080015	4.195e-05	8.51
57716	DOID:10211	2.945e-05	8.89
57716	DOID:10892	4.195e-05	8.51
57716	DOID:120	0.0001548	5.6
57716	DOID:1380	0.0002123	5.43
57716	DOID:14566	9.723e-05	3.94
57716	DOID:162	0.0001548	5.6
57716	DOID:193	0.0001548	5.6
57716	DOID:2154	0.0009495	5.13
57716	DOID:263	0.0009495	5.13
57716	DOID:2871	0.0001548	5.6
57716	DOID:363	0.0001548	5.6
57716	DOID:3996	0.0009495	5.13
57716	DOID:5183	0.0009495	5.13
57716	DOID:7	2.945e-05	8.89
57716	DOID:77	2.945e-05	8.89
57829	DOID:14566	0	1.19
57829	DOID:162	0	1.22
57868	DOID:14566	0	1.38
57868	DOID:162	0	1.41
57924	DOID:0050686	4.695e-05	5.4
57924	DOID:0060072	2.553e-05	9.47
57924	DOID:0060083	0.0001385	4.54
57924	DOID:0060084	2.553e-05	9.47
57924	DOID:120	0.000801	5.4
57924	DOID:1240	4.695e-05	5.1
57924	DOID:1289	5.803e-05	6.88
57924	DOID:14566	0	1.82
57924	DOID:162	0	1.86
57924	DOID:193	0.000801	5.4
57924	DOID:2152	0.000801	5.4
57924	DOID:2377	5.803e-05	6.88
57924	DOID:2394	0.0008722	5.31
57924	DOID:2531	0.0001313	4.57
57924	DOID:2645	2.553e-05	9.47
57924	DOID:3213	6.109e-05	6.83
57924	DOID:331	5.803e-05	6.88
57924	DOID:7	5.803e-05	6.88
57924	DOID:863	5.803e-05	6.88
57944	DOID:0050117	2.738e-05	8.7
57944	DOID:0050161	0.0001231	5.44
57944	DOID:0050177	1.753e-05	9.28
57944	DOID:0050338	0.0001032	7.12
57944	DOID:0050737	0.0004481	5.56
57944	DOID:0050739	1.753e-05	9.28
57944	DOID:104	2.738e-05	8.7
57944	DOID:1176	0.0004379	5.58
57944	DOID:14566	0	1.54
57944	DOID:1485	1.753e-05	9.28
57944	DOID:1579	0.0001522	5.28
57944	DOID:162	0	1.57
57944	DOID:2163	2.275e-08	14.78
57944	DOID:2320	8.73e-05	7.31
57944	DOID:2825	3.196e-08	14.26
57944	DOID:2841	0.0004379	5.58
57944	DOID:3082	3.47e-07	10.98
57944	DOID:3083	8.73e-05	7.31
57944	DOID:399	2.738e-05	8.7
57944	DOID:4481	2.033e-08	14.97
57944	DOID:4483	2.033e-08	14.97
57944	DOID:630	1.753e-05	9.28
57944	DOID:7	2.033e-08	14.97
57944	DOID:850	0.0001191	5.46
57944	DOID:974	6.101e-08	13.29
57959	DOID:0050686	0.0009495	4
57959	DOID:0060083	0.0009495	4
57959	DOID:14566	0.0009495	4
57959	DOID:162	0.0009495	4
57959	DOID:2531	0.0009495	4
58038	DOID:0060072	3.126e-09	34.14
58038	DOID:0060085	3.126e-09	34.14
58038	DOID:0060089	6.813e-05	8.62
58038	DOID:14566	3.126e-09	34.14
58038	DOID:7608	3.126e-09	34.14
58113	DOID:0014667	0	4.29
58113	DOID:0050013	0	5.35
58113	DOID:0050828	0	5.17
58113	DOID:0060158	0	4.74
58113	DOID:114	0	7.35
58113	DOID:1168	0	18.24
58113	DOID:1184	1.406e-07	16.62
58113	DOID:1287	0	4.28
58113	DOID:14566	0	1.38
58113	DOID:162	0	1.41
58113	DOID:178	0	4.71
58113	DOID:18	1.406e-07	16.62
58113	DOID:1936	0	8.9
58113	DOID:225	0	3.58
58113	DOID:2348	0	8.89
58113	DOID:2349	0	8.75
58113	DOID:2527	1.929e-07	15.93
58113	DOID:3146	0	17.02
58113	DOID:3393	0	8.89
58113	DOID:374	0	8.69
58113	DOID:4194	0	5.51
58113	DOID:557	0.000319	5.4
58113	DOID:654	0	8.82
58113	DOID:655	0	8.6
58113	DOID:7	0	1.75
58113	DOID:9351	0	5.51
58113	DOID:9970	0	8.92
63380	DOID:0050117	1.53e-05	8.96
63380	DOID:0050161	0.0001351	5.65
63380	DOID:0050828	0.0003454	5.06
63380	DOID:10763	0.0003454	5.06
63380	DOID:12365	1.53e-05	8.96
63380	DOID:1287	0.0003454	5.06
63380	DOID:1398	9.414e-05	7.12
63380	DOID:1459	2.598e-05	10.09
63380	DOID:1579	1.455e-05	9.02
63380	DOID:178	0.0003454	5.06
63380	DOID:2163	1.608e-05	8.9
63380	DOID:2320	0.0001351	5.65
63380	DOID:2789	4.234e-05	7.9
63380	DOID:28	2.598e-05	10.09
63380	DOID:2825	1.455e-05	9.02
63380	DOID:2914	3.109e-07	18.84
63380	DOID:3262	3.109e-07	18.84
63380	DOID:331	0.0001303	7.87
63380	DOID:4481	1.455e-05	9.02
63380	DOID:4483	1.455e-05	9.02
63380	DOID:50	2.598e-05	10.09
63380	DOID:612	3.109e-07	18.84
63380	DOID:6364	0.0001303	7.87
63380	DOID:7	0	3.16
63380	DOID:850	0.0007273	4.6
63380	DOID:863	0.0001303	7.87
63380	DOID:936	0.0001303	7.87
63380	DOID:974	1.455e-05	9.02
63491	DOID:14566	0	1.19
63491	DOID:162	0	1.22
63501	DOID:0050686	1.217e-05	7.45
63501	DOID:0060083	1.217e-05	7.45
63501	DOID:0070004	0.0001554	5.72
63501	DOID:1240	0.0009469	4.56
63501	DOID:14566	1.217e-05	7.45
63501	DOID:162	1.217e-05	7.45
63501	DOID:2531	1.217e-05	7.45
63501	DOID:4960	1.217e-05	7.45
63501	DOID:8692	0.0009469	4.56
63501	DOID:9538	1.217e-05	7.45
63712	DOID:0050701	0.0001516	8
63712	DOID:0050702	0.0001516	8
63712	DOID:0060037	9.512e-08	9.08
63712	DOID:0060040	9.512e-08	9.08
63712	DOID:0060041	1.14e-07	8.98
63712	DOID:0080014	0.0001704	6.38
63712	DOID:10579	0.0005555	6.39
63712	DOID:12217	0.0005555	6.39
63712	DOID:12849	9.512e-08	9.08
63712	DOID:1443	0.0005555	6.39
63712	DOID:150	1.502e-12	8.48
63712	DOID:1561	0.0001451	5.09
63712	DOID:1826	0.0001516	8
63712	DOID:1932	0.0001055	5.56
63712	DOID:2234	0.0008518	4.97
63712	DOID:2468	0.0001451	5.09
63712	DOID:303	7.303e-05	4.82
63712	DOID:308	0.0001516	8
63712	DOID:331	0.0001516	8
63712	DOID:3331	0.0008518	4.97
63712	DOID:5419	0.0001451	5.09
63712	DOID:630	0.0001055	6.38
63712	DOID:7	0.0001516	8
63712	DOID:863	0.0007864	3.92
63712	DOID:936	0.0003816	3.78
63712	DOID:9973	2.525e-13	12.53
63712	DOID:9974	5.21e-07	14.1
63712	DOID:9975	5.21e-07	14.1
63737	DOID:0050828	0.0004887	4.46
63737	DOID:10763	6.548e-05	5.92
63737	DOID:1287	6.548e-05	5.92
63737	DOID:178	0.0009453	4.03
63737	DOID:7	0	1.96
63825	DOID:0050828	0.0003536	4.67
63825	DOID:10652	0.0003112	5.44
63825	DOID:1287	0.0003536	4.67
63825	DOID:1289	0.0003112	5.44
63825	DOID:1307	0.0003112	5.44
63825	DOID:150	0.0007399	4.05
63825	DOID:1561	0.0003112	5.44
63825	DOID:178	0.0009324	4.15
63825	DOID:331	0.0003112	5.44
63825	DOID:680	0.000315	5.43
63825	DOID:7	0.0003112	5.44
63825	DOID:863	0.0003112	5.44
64593	DOID:0050177	1.238e-05	10.23
64593	DOID:0050449	1.238e-05	10.23
64593	DOID:0050615	2.125e-09	25.43
64593	DOID:0050686	2.125e-09	25.43
64593	DOID:0050687	1.68e-07	12.71
64593	DOID:0050736	1.238e-05	10.23
64593	DOID:0050739	1.238e-05	10.23
64593	DOID:1324	2.125e-09	25.43
64593	DOID:14566	2.125e-09	25.43
64593	DOID:16	4.257e-07	6.59
64593	DOID:161	1.038e-07	16.83
64593	DOID:162	2.125e-09	25.43
64593	DOID:1800	1.68e-07	12.71
64593	DOID:305	1.68e-07	12.71
64593	DOID:3390	1.038e-07	16.83
64593	DOID:37	1.038e-07	16.83
64593	DOID:3905	2.125e-09	25.43
64593	DOID:3908	2.125e-09	25.43
64593	DOID:4556	5.988e-08	17.88
64593	DOID:630	1.238e-05	10.23
64593	DOID:6658	2.125e-09	25.43
64593	DOID:7	1.038e-07	16.83
69000	DOID:0050686	0	2
69000	DOID:14566	0	1.19
69000	DOID:162	0	1.22
69125	DOID:0050177	0.0001636	5.22
69125	DOID:0050686	0	2.58
69125	DOID:0050687	0	3
69125	DOID:0050736	8.394e-06	7.63
69125	DOID:0050739	0.0001403	5.34
69125	DOID:14566	0	1.54
69125	DOID:162	0	1.57
69125	DOID:305	0	3.42
69125	DOID:5683	1.076e-06	9.68
69125	DOID:630	0.0002769	4.86
69179	DOID:0014667	0.0003592	4.41
69179	DOID:0050117	7.268e-07	6.12
69179	DOID:0050339	4.509e-05	9.45
69179	DOID:0050589	0.000855	5.25
69179	DOID:0050686	0.0002366	5.86
69179	DOID:0050687	0.0004446	3.95
69179	DOID:0060039	1.859e-05	10.76
69179	DOID:0060056	1.859e-05	10.76
69179	DOID:0060083	0.0002366	5.86
69179	DOID:0070004	0.0002366	5.86
69179	DOID:104	4.509e-05	9.45
69179	DOID:1116	4.509e-05	9.45
69179	DOID:1247	0.0006792	5.44
69179	DOID:14566	0.0002366	5.86
69179	DOID:15	8.463e-06	7.77
69179	DOID:1588	8.616e-06	9.83
69179	DOID:16	1.859e-05	10.76
69179	DOID:1612	0.000256	5.15
69179	DOID:162	0.0002366	5.86
69179	DOID:1909	0.0004446	3.95
69179	DOID:2213	0.0003536	6.02
69179	DOID:2214	3.03e-05	7.84
69179	DOID:2218	4.584e-05	8
69179	DOID:2219	3.03e-05	7.84
69179	DOID:2531	0.0002366	5.86
69179	DOID:2723	1.859e-05	10.76
69179	DOID:2914	0.0001836	4.15
69179	DOID:37	1.859e-05	10.76
69179	DOID:417	1.859e-05	10.76
69179	DOID:4960	0.0002366	5.86
69179	DOID:5093	0.000256	5.15
69179	DOID:5223	8.463e-06	7.77
69179	DOID:5295	0.000855	5.25
69179	DOID:7	8.463e-06	10.76
69179	DOID:74	8.616e-06	9.83
69179	DOID:77	0.000855	5.25
69179	DOID:8502	0.0003835	6.66
69179	DOID:8506	1.859e-05	10.76
69179	DOID:8778	0.000855	5.25
69179	DOID:9538	0.0002366	5.86
69318	DOID:0050117	0.0003499	4.38
69318	DOID:15	0.000521	5.58
69318	DOID:5223	0.000521	5.58
69318	DOID:7	0.000521	5.58
69687	DOID:0014667	0.0003859	4.62
69687	DOID:0050013	0.0003859	4.62
69687	DOID:0050117	0	4.67
69687	DOID:0050686	9.059e-05	7.26
69687	DOID:0050687	0	3
69687	DOID:0050828	0.0004887	4.46
69687	DOID:0060039	0.000116	6.39
69687	DOID:0060056	7.762e-10	35.83
69687	DOID:0060100	9.059e-05	7.26
69687	DOID:0060158	0.0009166	4.05
69687	DOID:1287	0.0004887	4.46
69687	DOID:14566	0	1.54
69687	DOID:16	7.762e-10	35.83
69687	DOID:162	0	1.57
69687	DOID:178	0.0009453	4.03
69687	DOID:201	0.0005155	5.42
69687	DOID:2723	9.554e-05	7.2
69687	DOID:2914	0	4.89
69687	DOID:3347	9.059e-05	7.26
69687	DOID:37	7.762e-10	35.83
69687	DOID:417	0.0001932	5.1
69687	DOID:7	0	1.96
69687	DOID:8502	1.812e-06	12.83
69687	DOID:8505	7.762e-10	35.83
69687	DOID:8506	6.441e-08	20.2
74853	DOID:7	0	1.52
75399	DOID:16	6.225e-06	6.85
75399	DOID:2723	4.965e-06	11.67
75399	DOID:2731	0.0002276	6.25
75399	DOID:37	4.839e-06	7.03
75399	DOID:7	4.839e-06	11.67
75399	DOID:8502	4.965e-06	11.67
81296	DOID:0060039	0.0002588	6.59
81296	DOID:0060056	8.272e-07	13.53
81296	DOID:16	8.272e-07	13.53
81296	DOID:2723	8.272e-07	13.53
81296	DOID:2914	8.272e-07	13.53
81296	DOID:37	8.272e-07	13.53
81296	DOID:417	8.272e-07	13.53
81296	DOID:7	8.272e-07	13.53
81296	DOID:8502	8.272e-07	13.53
81296	DOID:8505	8.272e-07	13.53
81321	DOID:0014667	2.666e-06	6.19
81321	DOID:0050161	0.0001011	4.82
81321	DOID:0060037	1.051e-05	5.32
81321	DOID:0060038	1.051e-05	5.32
81321	DOID:0060072	0.0001618	8.03
81321	DOID:0060085	0.0001618	8.03
81321	DOID:0060089	0.0001618	8.03
81321	DOID:0060158	2.666e-06	6.19
81321	DOID:0080001	0.0004503	4.31
81321	DOID:14566	0.0001618	8.03
81321	DOID:150	2.887e-07	6.01
81321	DOID:1561	0.0001731	5.2
81321	DOID:1579	8.73e-05	4.87
81321	DOID:17	0.0004503	4.31
81321	DOID:2030	0.0001731	5.2
81321	DOID:303	0.0009171	4.14
81321	DOID:331	1.11e-05	5.62
81321	DOID:3342	0.0004503	4.31
81321	DOID:374	0.0007821	3.81
81321	DOID:3829	0.0001618	8.03
81321	DOID:5395	0.0001618	8.03
81321	DOID:6364	1.11e-05	5.62
81321	DOID:654	2.666e-06	6.19
81321	DOID:7	1.11e-05	5.62
81321	DOID:7004	0.0001618	8.03
81321	DOID:848	0.0004503	4.31
81321	DOID:850	8.73e-05	4.87
81321	DOID:863	1.11e-05	5.62
81321	DOID:8670	1.051e-05	5.32
81321	DOID:936	1.11e-05	5.62
81321	DOID:9973	0.0009171	4.14
81321	DOID:9974	0.0009171	4.14
81324	DOID:0014667	2.706e-06	14.71
81324	DOID:0050177	6.546e-12	21.69
81324	DOID:0050739	6.546e-12	21.69
81324	DOID:0080000	2.706e-06	14.71
81324	DOID:1029	2.706e-06	14.71
81324	DOID:150	0.0002443	4.41
81324	DOID:17	2.706e-06	14.71
81324	DOID:1826	3.067e-06	4.73
81324	DOID:2234	5.49e-06	8.7
81324	DOID:225	1.574e-06	8.53
81324	DOID:2843	6.546e-12	21.69
81324	DOID:303	5.762e-06	6.72
81324	DOID:331	3.067e-06	8.7
81324	DOID:3328	5.49e-06	8.7
81324	DOID:423	2.706e-06	14.71
81324	DOID:561	9.378e-07	17.04
81324	DOID:5656	9.378e-07	17.04
81324	DOID:630	6.546e-12	21.69
81324	DOID:655	2.706e-06	14.71
81324	DOID:66	2.706e-06	14.71
81324	DOID:7	2.656e-05	4.3
81324	DOID:863	6.804e-06	4.75
81324	DOID:870	9.378e-07	17.04
81324	DOID:896	2.706e-06	14.71
81324	DOID:9007	1.574e-06	8.53
81324	DOID:936	0.000568	3.79
81324	DOID:9973	5.762e-06	6.72
81338	DOID:0050155	6.12e-09	30.25
81338	DOID:15	1.164e-09	23.8
81338	DOID:2089	1.63e-08	26.66
81338	DOID:229	0.0002276	5.88
81338	DOID:2742	6.12e-09	30.25
81338	DOID:2952	1.11e-05	10.91
81338	DOID:3426	1.027e-08	28.29
81338	DOID:345	3.495e-09	21.26
81338	DOID:4539	6.554e-08	22.15
81338	DOID:5295	1.63e-08	26.66
81338	DOID:5353	0.0007947	4.6
81338	DOID:7	1.164e-09	30.25
81338	DOID:77	0.0008836	3.62
81338	DOID:780	1.164e-09	23.8
81338	DOID:863	6.12e-09	30.25
81338	DOID:9779	2.115e-05	8.26
81338	DOID:9847	6.12e-09	30.25
81338	DOID:9848	6.12e-09	30.25
81338	DOID:9849	6.12e-09	30.25
81606	DOID:14566	0	1.69
81606	DOID:162	0	1.72
81995	DOID:7	0	1.75
82109	DOID:440	0.000213	6.93
82109	DOID:7	0.000213	6.93
82109	DOID:863	0.000213	6.93
82109	DOID:870	0.000213	6.93
82153	DOID:0050686	0	2
82153	DOID:0050687	0	2.32
82153	DOID:14566	0	1.19
82153	DOID:162	0	1.22
82153	DOID:305	0	2.65
82153	DOID:3119	0	3.42
82171	DOID:0050686	4.469e-07	12.9
82171	DOID:0060083	0.0006334	5.81
82171	DOID:1036	0.0006334	5.81
82171	DOID:1037	0.0006334	5.81
82171	DOID:1040	0.0006334	5.81
82171	DOID:1240	0.0006334	5.81
82171	DOID:14566	4.469e-07	12.9
82171	DOID:162	4.469e-07	12.9
82171	DOID:2531	0.0006334	5.81
82171	DOID:3093	4.469e-07	12.9
82171	DOID:3565	4.469e-07	12.9
82171	DOID:3620	1.279e-06	11.46
82199	DOID:2914	6.819e-06	12.71
82199	DOID:3262	6.819e-06	12.71
82199	DOID:612	6.819e-06	12.71
82199	DOID:7	6.819e-06	12.71
82615	DOID:14566	0	1.38
82615	DOID:162	0	1.41
82866	DOID:0050828	3.183e-05	7.07
82866	DOID:1287	3.183e-05	7.07
82866	DOID:178	3.183e-05	7.07
82866	DOID:3393	3.183e-05	7.07
82866	DOID:7	0	2.15
82895	DOID:0050686	8.997e-06	12.26
82895	DOID:1192	8.997e-06	12.26
82895	DOID:14566	8.997e-06	12.26
82895	DOID:162	8.997e-06	12.26
82895	DOID:3093	8.997e-06	12.26
82895	DOID:3193	4.763e-05	9.59
82895	DOID:962	8.997e-06	12.26
90112	DOID:0050701	0.0001516	8
90112	DOID:0050702	0.0001516	8
90112	DOID:0060037	9.512e-08	9.08
90112	DOID:0060040	9.512e-08	9.08
90112	DOID:0060041	1.14e-07	8.98
90112	DOID:0080014	0.0001704	6.38
90112	DOID:10579	0.0005555	6.39
90112	DOID:12217	0.0005555	6.39
90112	DOID:12849	9.512e-08	9.08
90112	DOID:1443	0.0005555	6.39
90112	DOID:150	1.502e-12	8.48
90112	DOID:1561	0.0001451	5.09
90112	DOID:1826	0.0001516	8
90112	DOID:1932	0.0001055	5.56
90112	DOID:2234	0.0008518	4.97
90112	DOID:2468	0.0001451	5.09
90112	DOID:303	7.303e-05	4.82
90112	DOID:308	0.0001516	8
90112	DOID:331	0.0001516	8
90112	DOID:3331	0.0008518	4.97
90112	DOID:5419	0.0001451	5.09
90112	DOID:630	0.0001055	6.38
90112	DOID:7	0.0001516	8
90112	DOID:863	0.0007864	3.92
90112	DOID:936	0.0003816	3.78
90112	DOID:9973	2.525e-13	12.53
90112	DOID:9974	5.21e-07	14.1
90112	DOID:9975	5.21e-07	14.1
90123	DOID:0050117	6.687e-06	10.32
90123	DOID:0050161	3.163e-06	14.07
90123	DOID:0050177	0.0004396	4.67
90123	DOID:0050338	6.687e-06	10.32
90123	DOID:0050686	3.783e-06	7.1
90123	DOID:0050737	2.317e-05	6.44
90123	DOID:0050739	2.317e-05	6.44
90123	DOID:0060049	0.0007383	6
90123	DOID:0060056	0.0007383	6
90123	DOID:0060083	3.783e-06	7.1
90123	DOID:104	6.687e-06	10.32
90123	DOID:10579	1.521e-05	11.23
90123	DOID:10588	1.521e-05	11.23
90123	DOID:11077	6.687e-06	10.32
90123	DOID:1176	3.163e-06	14.07
90123	DOID:12236	0.0007383	6
90123	DOID:1240	3.783e-06	7.1
90123	DOID:13250	0.0005595	5.86
90123	DOID:13580	0.0004839	5.9
90123	DOID:14268	4.358e-06	13.46
90123	DOID:1443	1.521e-05	11.23
90123	DOID:14566	3.783e-06	7.1
90123	DOID:1579	3.163e-06	14.07
90123	DOID:162	3.783e-06	7.1
90123	DOID:1852	0.0004839	5.9
90123	DOID:2531	3.783e-06	7.1
90123	DOID:2914	0.0007383	6
90123	DOID:3118	4.358e-06	13.46
90123	DOID:331	1.521e-05	11.23
90123	DOID:409	0.0004839	6
90123	DOID:4138	4.358e-06	13.46
90123	DOID:417	0.0007383	6
90123	DOID:5082	0.0007383	6
90123	DOID:630	2.317e-05	6.44
90123	DOID:7	3.163e-06	14.07
90123	DOID:77	4.358e-06	13.46
90123	DOID:850	3.163e-06	14.07
90123	DOID:863	1.521e-05	11.23
90123	DOID:8692	5.17e-05	5.76
90123	DOID:9119	3.783e-06	7.1
90123	DOID:936	1.521e-05	11.23
90123	DOID:9446	4.358e-06	13.46
90123	DOID:9563	3.163e-06	14.07
90123	DOID:9741	1.571e-05	5.68
90188	DOID:7	0	1.75
90193	DOID:0050686	4.193e-06	8.28
90193	DOID:0060050	5.358e-05	7.21
90193	DOID:0060056	0.0003367	4.72
90193	DOID:0060072	5.451e-05	6.06
90193	DOID:0060083	0.0006399	5.22
90193	DOID:0060084	3.166e-05	6.49
90193	DOID:0060085	6.345e-07	10.27
90193	DOID:0060121	1.168e-10	25.48
90193	DOID:1037	0.0006399	5.22
90193	DOID:1240	0.0006399	5.22
90193	DOID:1247	4.505e-05	8.09
90193	DOID:14566	4.154e-13	45.06
90193	DOID:162	4.193e-06	8.28
90193	DOID:2213	2.458e-05	8.85
90193	DOID:2531	0.0006399	5.22
90193	DOID:255	3.259e-09	18.12
90193	DOID:263	1.383e-05	7.18
90193	DOID:2914	1.489e-08	24.53
90193	DOID:3119	0.0003957	4.6
90193	DOID:3165	4.154e-13	45.06
90193	DOID:3326	2.037e-06	12.62
90193	DOID:3571	0.0003972	4.6
90193	DOID:3996	1.942e-05	6.88
90193	DOID:417	0.0001932	5.1
90193	DOID:4450	4.193e-06	8.28
90193	DOID:4451	7.641e-06	7.71
90193	DOID:471	4.154e-13	45.06
90193	DOID:686	0.0003957	4.6
90193	DOID:7	1.489e-08	24.53
90193	DOID:74	2.037e-06	12.62
90193	DOID:8925	1.489e-08	24.53
90209	DOID:0050155	0.0004744	6.31
90209	DOID:0050686	0.0004744	6.31
90209	DOID:0050687	0.0002483	6.21
90209	DOID:0060116	0.000527	6.19
90209	DOID:1115	0.0002483	6.21
90209	DOID:14566	0.0002483	6.31
90209	DOID:1492	0.0004744	6.31
90209	DOID:162	0.0002483	6.31
90209	DOID:2174	0.0004744	6.31
90209	DOID:3093	0.0004744	6.31
90209	DOID:4645	0.0004744	6.31
90209	DOID:5614	0.0004744	6.31
90209	DOID:5679	0.0004744	6.31
90209	DOID:7	0.0004744	6.31
90209	DOID:863	0.0004744	6.31
90250	DOID:0050700	7.489e-07	14.51
90250	DOID:0050828	0.0001865	6.45
90250	DOID:0060036	1.699e-05	9.33
90250	DOID:114	3.3e-05	6.45
90250	DOID:11984	7.489e-07	14.51
90250	DOID:1287	7.489e-07	14.51
90250	DOID:178	0.0001865	6.45
90250	DOID:3393	0.0003682	5.76
90250	DOID:5844	0.0001865	6.45
90250	DOID:7	0	1.96
90257	DOID:0050700	0.0006237	6.09
90257	DOID:0060036	0.0006237	6.09
90257	DOID:114	0.0006237	6.09
90257	DOID:1287	0.0006237	6.09
90257	DOID:12930	0.0006237	6.09
90257	DOID:7	0.0006237	6.09
100879	DOID:0050687	0	2.32
100879	DOID:14566	0	1.19
100879	DOID:162	0	1.22
100879	DOID:305	0	2.65
100920	DOID:1287	4.65e-05	5.22
100920	DOID:150	0.0004142	4.96
100920	DOID:1561	0.0004142	4.96
100920	DOID:178	4.65e-05	5.22
100920	DOID:2468	0.0004215	4.95
100920	DOID:5419	0.0004142	4.96
100920	DOID:7	4.65e-05	5.22
100934	DOID:1287	4.95e-06	5.55
100934	DOID:150	0.0004142	4.96
100934	DOID:1561	0.0004142	4.96
100934	DOID:178	1.297e-06	6.14
100934	DOID:2468	0.0004215	4.95
100934	DOID:5419	0.0004142	4.96
100934	DOID:7	1.297e-06	6.14
100939	DOID:14566	0	1.38
100939	DOID:162	0	1.41
101690	DOID:14566	0	1.69
101690	DOID:162	0	1.72
103473	DOID:0014667	0.000657	5.26
103473	DOID:0050013	0.000657	5.26
103473	DOID:0060158	0.000657	5.26
103473	DOID:0080001	0.000892	5.29
103473	DOID:13189	0.000892	5.29
103473	DOID:1428	0.000657	5.26
103473	DOID:17	0.000892	5.29
103473	DOID:26	0.000657	5.26
103473	DOID:28	0.000657	5.26
103473	DOID:3342	0.000892	5.29
103473	DOID:4194	0.000657	5.26
103473	DOID:7	0.000657	5.29
103473	DOID:848	0.000892	5.29
103473	DOID:9993	0.000657	5.26
103575	DOID:0060039	0.0004245	5.61
103575	DOID:0060056	6.894e-07	17.35
103575	DOID:16	6.894e-07	17.35
103575	DOID:2723	6.894e-07	17.35
103575	DOID:2914	6.894e-07	17.35
103575	DOID:37	6.894e-07	17.35
103575	DOID:417	6.894e-07	17.35
103575	DOID:7	6.894e-07	17.35
103575	DOID:8502	0.0007977	5.9
103575	DOID:8505	6.894e-07	17.35
103575	DOID:8506	4.234e-05	9.62
103637	DOID:14566	0	1.38
103637	DOID:162	0	1.41
103647	DOID:7	0	1.52
109604	DOID:0050686	2.656e-05	7.5
109604	DOID:0060083	2.656e-05	7.5
109604	DOID:1036	0.0004902	5.24
109604	DOID:1037	2.656e-05	7.5
109604	DOID:1040	2.656e-05	7.5
109604	DOID:1240	2.656e-05	7.5
109604	DOID:14566	2.656e-05	7.5
109604	DOID:162	2.656e-05	7.5
109604	DOID:2531	2.656e-05	7.5
110035	DOID:150	0	3.47
110035	DOID:1561	0	4.24
110035	DOID:2468	0	5.57
110035	DOID:5419	0	5.59
110942	DOID:0050687	0	2.68
110942	DOID:14566	0	1.38
110942	DOID:162	0	1.41
110942	DOID:305	0	3.06
111347	DOID:14566	0	1.19
111347	DOID:162	0	1.22
117773	DOID:225	0	3.1
118215	DOID:1289	0.0006093	5.51
118215	DOID:150	0	4.91
118215	DOID:1561	0	6
118215	DOID:2377	0.0006093	5.51
118215	DOID:2468	0	7.88
118215	DOID:3213	0.0006342	5.47
118215	DOID:331	0.0006093	5.51
118215	DOID:5419	0	7.9
118215	DOID:7	0.0006093	5.51
118215	DOID:863	0.0006093	5.51
118370	DOID:14566	0	1.19
118370	DOID:162	0	1.22
118375	DOID:0050687	0	2.32
118375	DOID:10579	0	16.55
118375	DOID:12217	0	23.86
118375	DOID:1443	0	15.13
118375	DOID:14566	0	1.19
118375	DOID:162	0	1.22
118375	DOID:168	0	11.84
118375	DOID:171	0	11.36
118375	DOID:2994	0	9.45
118375	DOID:305	0	2.65
118375	DOID:3095	0	10.98
118375	DOID:331	0	3.77
118375	DOID:3858	0	12.21
118375	DOID:7	0	1.52
118375	DOID:863	0	2.93
118375	DOID:936	0	6.51
144074	DOID:0050177	0.0006707	4.63
144074	DOID:0050739	0.0005757	4.74
144074	DOID:630	0.0005757	4.74
158235	DOID:0050117	0.0004081	6.28
158235	DOID:0050338	0.0004081	6.28
158235	DOID:0050686	0.0005794	5.9
158235	DOID:0060071	8.257e-05	6.77
158235	DOID:0060083	0.0005794	5.9
158235	DOID:104	0.0004081	6.28
158235	DOID:1240	0.0005794	5.9
158235	DOID:14566	2.101e-05	8.22
158235	DOID:162	0.0005794	5.9
158235	DOID:2531	0.0005794	5.9
158235	DOID:399	0.0004081	6.28
158235	DOID:8552	0.0005794	5.9
158235	DOID:8692	0.0005794	5.9
158235	DOID:8719	2.101e-05	8.22
158457	DOID:14566	0	1.82
158457	DOID:162	0	1.86
158553	DOID:0050686	0	2
158553	DOID:0060083	0	3.61
158553	DOID:1240	0	4.02
158553	DOID:14566	0	1.19
158553	DOID:162	0	1.22
158553	DOID:2531	0	3.63
160696	DOID:14566	0	1.38
160696	DOID:162	0	1.41
161070	DOID:0060037	0.0003339	5.9
161070	DOID:0060038	0.0003339	5.9
161070	DOID:1094	0.0006885	4.72
161070	DOID:150	4.707e-05	6.85
161070	DOID:1561	0.0001435	6.17
161070	DOID:2030	0.0001435	6.17
161070	DOID:303	0.0008489	3.83
161070	DOID:9973	4.707e-05	6.85
161070	DOID:9974	0.0008109	4.13
161084	DOID:0050828	0.0003638	5.77
161084	DOID:1287	0.0003638	5.77
161084	DOID:178	0.0003638	5.77
161084	DOID:1936	0.0003638	5.77
161084	DOID:2348	0.0003682	5.76
161084	DOID:2349	0.0004017	5.67
161084	DOID:7	0.0003638	5.77
